	17.0	18.0	19.0	20.0	21.0	22.0	23.0	24.0	25.0	26.0	27.0	28.0	29.0	30.0	31.0	32.0	33.0	34.0	35.0
SRR10141021_1_val_1	1.0	39.0	132.0	253.0	473.0	771.0	1289.0	2254.0	4108.0	7622.0	13020.0	20560.0	30193.0	44723.0	68025.0	115452.0	243341.0	689125.0	536042.0
	14.0	15.0	16.0	17.0	18.0	19.0	20.0	21.0	22.0	23.0	24.0	25.0	26.0	27.0	28.0	29.0	30.0	31.0	32.0	33.0	34.0	35.0
SRR10141021_2_val_2	9.0	57.0	93.0	173.0	279.0	534.0	896.0	1297.0	1961.0	3222.0	5330.0	9418.0	16076.0	24863.0	36189.0	51064.0	72857.0	107835.0	173975.0	320002.0	636509.0	314784.0
	16.0	17.0	18.0	19.0	20.0	21.0	22.0	23.0	24.0	25.0	26.0	27.0	28.0	29.0	30.0	31.0	32.0	33.0	34.0	35.0
SRR10141022_1_val_1	1.0	3.0	10.0	43.0	111.0	231.0	388.0	828.0	1559.0	2966.0	6264.0	10658.0	16773.0	24201.0	34419.0	51055.0	84347.0	171934.0	537418.0	388165.0
	14.0	15.0	16.0	17.0	18.0	19.0	20.0	21.0	22.0	23.0	24.0	25.0	26.0	27.0	28.0	29.0	30.0	31.0	32.0	33.0	34.0	35.0
SRR10141022_2_val_2	3.0	21.0	44.0	104.0	276.0	426.0	654.0	785.0	1213.0	1828.0	3293.0	6326.0	11082.0	17029.0	24015.0	32317.0	42751.0	59886.0	90498.0	159360.0	390452.0	489011.0
	16.0	17.0	18.0	19.0	20.0	21.0	22.0	23.0	24.0	25.0	26.0	27.0	28.0	29.0	30.0	31.0	32.0	33.0	34.0	35.0
SRR10141023_1_val_1	3.0	11.0	61.0	172.0	352.0	549.0	781.0	1321.0	2048.0	3698.0	6239.0	10231.0	15631.0	22263.0	31839.0	47891.0	81795.0	177684.0	538793.0	519245.0
	12.0	13.0	14.0	15.0	16.0	17.0	18.0	19.0	20.0	21.0	22.0	23.0	24.0	25.0	26.0	27.0	28.0	29.0	30.0	31.0	32.0	33.0	34.0	35.0
SRR10141023_2_val_2	1.0	0.0	16.0	41.0	93.0	336.0	830.0	1446.0	1926.0	2250.0	2661.0	3546.0	4791.0	7690.0	12439.0	17751.0	24008.0	32093.0	42350.0	60492.0	94995.0	182856.0	488043.0	479953.0
	17.0	18.0	19.0	20.0	21.0	22.0	23.0	24.0	25.0	26.0	27.0	28.0	29.0	30.0	31.0	32.0	33.0	34.0	35.0
SRR10141024_1_val_1	5.0	34.0	105.0	228.0	398.0	616.0	1071.0	1796.0	3087.0	5885.0	9868.0	14844.0	21249.0	29379.0	42193.0	68278.0	137462.0	440799.0	560838.0
	2.0	3.0	4.0	5.0	6.0	7.0	8.0	9.0	10.0	11.0	12.0	13.0	14.0	15.0	16.0	17.0	18.0	19.0	20.0	21.0	22.0	23.0	24.0	25.0	26.0	27.0	28.0	29.0	30.0	31.0	32.0	33.0	34.0	35.0
SRR10141024_2_val_2	2.0	15.0	31.0	44.0	29.0	28.0	32.0	23.0	28.0	24.0	30.0	29.0	42.0	130.0	155.0	293.0	604.0	1058.0	1424.0	1709.0	2021.0	2751.0	3961.0	6897.0	11149.0	16488.0	22532.0	29749.0	38273.0	52235.0	76981.0	132362.0	338035.0	598971.0
	16.0	17.0	18.0	19.0	20.0	21.0	22.0	23.0	24.0	25.0	26.0	27.0	28.0	29.0	30.0	31.0	32.0	33.0	34.0	35.0
SRR10141025_1_val_1	3.0	10.0	74.0	221.0	398.0	597.0	909.0	1428.0	2447.0	4127.0	6989.0	11697.0	17599.0	25259.0	36000.0	54422.0	92328.0	197599.0	559883.0	466791.0
	8.0	9.0	10.0	11.0	12.0	13.0	14.0	15.0	16.0	17.0	18.0	19.0	20.0	21.0	22.0	23.0	24.0	25.0	26.0	27.0	28.0	29.0	30.0	31.0	32.0	33.0	34.0	35.0
SRR10141025_2_val_2	1.0	0.0	0.0	1.0	2.0	0.0	12.0	60.0	98.0	197.0	426.0	780.0	1230.0	1628.0	2201.0	3155.0	4687.0	7709.0	12492.0	18353.0	25085.0	33324.0	44710.0	63746.0	100736.0	197109.0	520323.0	440716.0
	15.0	16.0	17.0	18.0	19.0	20.0	21.0	22.0	23.0	24.0	25.0	26.0	27.0	28.0	29.0	30.0	31.0	32.0	33.0	34.0	35.0
SRR10141026_1_val_1	2.0	0.0	13.0	101.0	281.0	512.0	865.0	1189.0	1740.0	2991.0	5147.0	8939.0	14633.0	22129.0	31845.0	44874.0	66353.0	110777.0	231660.0	675639.0	638563.0
	11.0	12.0	13.0	14.0	15.0	16.0	17.0	18.0	19.0	20.0	21.0	22.0	23.0	24.0	25.0	26.0	27.0	28.0	29.0	30.0	31.0	32.0	33.0	34.0	35.0
SRR10141026_2_val_2	1.0	1.0	0.0	34.0	83.0	140.0	274.0	547.0	974.0	1488.0	1963.0	2687.0	3879.0	5672.0	9484.0	15325.0	22803.0	30968.0	40571.0	54548.0	76061.0	119123.0	230630.0	630843.0	610154.0
	16.0	17.0	18.0	19.0	20.0	21.0	22.0	23.0	24.0	25.0	26.0	27.0	28.0	29.0	30.0	31.0	32.0	33.0	34.0	35.0
SRR10141027_1_val_1	1.0	1.0	21.0	54.0	151.0	308.0	596.0	1167.0	2384.0	4956.0	9639.0	17067.0	27020.0	38701.0	53771.0	79697.0	133381.0	285939.0	845317.0	528730.0
	8.0	9.0	10.0	11.0	12.0	13.0	14.0	15.0	16.0	17.0	18.0	19.0	20.0	21.0	22.0	23.0	24.0	25.0	26.0	27.0	28.0	29.0	30.0	31.0	32.0	33.0	34.0	35.0
SRR10141027_2_val_2	3.0	18.0	50.0	70.0	49.0	53.0	64.0	85.0	103.0	150.0	231.0	402.0	615.0	941.0	1553.0	2804.0	4767.0	9282.0	16405.0	25809.0	36902.0	49981.0	68349.0	97584.0	153339.0	284271.0	714539.0	560482.0
	16.0	17.0	18.0	19.0	20.0	21.0	22.0	23.0	24.0	25.0	26.0	27.0	28.0	29.0	30.0	31.0	32.0	33.0	34.0	35.0
SRR10141028_1_val_1	4.0	7.0	33.0	125.0	234.0	395.0	636.0	954.0	1755.0	3174.0	5678.0	9667.0	14754.0	21181.0	29593.0	42524.0	68924.0	137674.0	434801.0	528139.0
	2.0	3.0	4.0	5.0	6.0	7.0	8.0	9.0	10.0	11.0	12.0	13.0	14.0	15.0	16.0	17.0	18.0	19.0	20.0	21.0	22.0	23.0	24.0	25.0	26.0	27.0	28.0	29.0	30.0	31.0	32.0	33.0	34.0	35.0
SRR10141028_2_val_2	5.0	21.0	30.0	37.0	26.0	29.0	27.0	23.0	32.0	33.0	21.0	29.0	22.0	74.0	104.0	348.0	710.0	1287.0	1627.0	1758.0	2095.0	2765.0	3837.0	6601.0	11121.0	16241.0	22478.0	29822.0	38545.0	52231.0	78153.0	136250.0	337628.0	556242.0
	16.0	17.0	18.0	19.0	20.0	21.0	22.0	23.0	24.0	25.0	26.0	27.0	28.0	29.0	30.0	31.0	32.0	33.0	34.0	35.0
SRR10141029_1_val_1	1.0	7.0	61.0	144.0	324.0	644.0	1002.0	1635.0	2959.0	5619.0	10393.0	18163.0	27635.0	38951.0	53820.0	76022.0	119744.0	229541.0	616211.0	627559.0
	2.0	3.0	4.0	5.0	6.0	7.0	8.0	9.0	10.0	11.0	12.0	13.0	14.0	15.0	16.0	17.0	18.0	19.0	20.0	21.0	22.0	23.0	24.0	25.0	26.0	27.0	28.0	29.0	30.0	31.0	32.0	33.0	34.0	35.0
SRR10141029_2_val_2	6.0	44.0	136.0	114.0	104.0	101.0	95.0	84.0	87.0	76.0	100.0	65.0	89.0	216.0	255.0	438.0	882.0	1426.0	1911.0	2340.0	3100.0	4486.0	6658.0	11858.0	19797.0	29151.0	39558.0	51914.0	67529.0	91885.0	135131.0	230039.0	517505.0	613255.0
	14.0	15.0	16.0	17.0	18.0	19.0	20.0	21.0	22.0	23.0	24.0	25.0	26.0	27.0	28.0	29.0	30.0	31.0	32.0	33.0	34.0	35.0	36.0	37.0	38.0
SRR10141030_1_val_1	1.0	0.0	0.0	1.0	1.0	5.0	10.0	14.0	29.0	72.0	154.0	331.0	685.0	1069.0	1615.0	2467.0	3331.0	4302.0	5624.0	7543.0	10566.0	15365.0	25665.0	69383.0	251893.0
	14.0	15.0	16.0	17.0	18.0	19.0	20.0	21.0	22.0	23.0	24.0	25.0	26.0	27.0	28.0	29.0	30.0	31.0	32.0	33.0	34.0	35.0	36.0	37.0	38.0
SRR10141030_2_val_2	1.0	7.0	41.0	105.0	152.0	264.0	316.0	310.0	400.0	477.0	723.0	1211.0	1676.0	2182.0	2777.0	3592.0	4416.0	5460.0	6940.0	8679.0	11626.0	17179.0	28974.0	79026.0	223592.0
	16.0	17.0	18.0	19.0	20.0	21.0	22.0	23.0	24.0	25.0	26.0	27.0	28.0	29.0	30.0	31.0	32.0	33.0	34.0	35.0
SRR10141031_1_val_1	2.0	8.0	46.0	137.0	276.0	518.0	796.0	1279.0	1930.0	3191.0	5530.0	9185.0	13677.0	19040.0	26574.0	38197.0	60970.0	116420.0	336106.0	568384.0
	14.0	15.0	16.0	17.0	18.0	19.0	20.0	21.0	22.0	23.0	24.0	25.0	26.0	27.0	28.0	29.0	30.0	31.0	32.0	33.0	34.0	35.0
SRR10141031_2_val_2	11.0	42.0	54.0	167.0	404.0	722.0	1178.0	1695.0	2484.0	3577.0	5242.0	8831.0	13455.0	19165.0	26215.0	34633.0	46274.0	63605.0	94091.0	155405.0	316459.0	408557.0
	15.0	16.0	17.0	18.0	19.0	20.0	21.0	22.0	23.0	24.0	25.0	26.0	27.0	28.0	29.0	30.0	31.0	32.0	33.0	34.0	35.0
SRR10141032_1_val_1	1.0	2.0	12.0	93.0	213.0	438.0	712.0	1226.0	1956.0	3488.0	6195.0	11087.0	19096.0	29663.0	43551.0	63078.0	93297.0	150560.0	277487.0	558375.0	495201.0
	7.0	8.0	9.0	10.0	11.0	12.0	13.0	14.0	15.0	16.0	17.0	18.0	19.0	20.0	21.0	22.0	23.0	24.0	25.0	26.0	27.0	28.0	29.0	30.0	31.0	32.0	33.0	34.0	35.0
SRR10141032_2_val_2	1.0	0.0	1.0	1.0	3.0	2.0	3.0	17.0	64.0	109.0	269.0	528.0	1036.0	1712.0	2386.0	3530.0	5070.0	7498.0	12054.0	19955.0	30499.0	43682.0	61486.0	85526.0	121577.0	178109.0	278113.0	463452.0	439048.0
	16.0	17.0	18.0	19.0	20.0	21.0	22.0	23.0	24.0	25.0	26.0	27.0	28.0	29.0	30.0	31.0	32.0	33.0	34.0	35.0	36.0	37.0
SRR10141033_1_val_1	2.0	1.0	5.0	19.0	44.0	105.0	142.0	240.0	392.0	587.0	987.0	1605.0	2544.0	3899.0	6008.0	8941.0	12692.0	18299.0	27535.0	44369.0	84921.0	1140223.0
	13.0	14.0	15.0	16.0	17.0	18.0	19.0	20.0	21.0	22.0	23.0	24.0	25.0	26.0	27.0	28.0	29.0	30.0	31.0	32.0	33.0	34.0	35.0	36.0	37.0
SRR10141033_2_val_2	1.0	4.0	14.0	58.0	176.0	340.0	542.0	720.0	893.0	1241.0	1615.0	2089.0	2872.0	3830.0	4880.0	5926.0	7187.0	9327.0	12144.0	15775.0	21592.0	31355.0	49185.0	98018.0	1083776.0
	17.0	18.0	19.0	20.0	21.0	22.0	23.0	24.0	25.0	26.0	27.0	28.0	29.0	30.0	31.0	32.0	33.0	34.0	35.0	36.0	37.0
SRR10141034_1_val_1	1.0	7.0	12.0	43.0	70.0	140.0	216.0	332.0	494.0	862.0	1350.0	2304.0	3431.0	5200.0	7768.0	11117.0	16043.0	23876.0	38200.0	74006.0	967972.0
	13.0	14.0	15.0	16.0	17.0	18.0	19.0	20.0	21.0	22.0	23.0	24.0	25.0	26.0	27.0	28.0	29.0	30.0	31.0	32.0	33.0	34.0	35.0	36.0	37.0
SRR10141034_2_val_2	1.0	4.0	10.0	54.0	133.0	235.0	410.0	535.0	711.0	969.0	1226.0	1686.0	2461.0	2964.0	3976.0	4672.0	5951.0	7615.0	9817.0	13157.0	17763.0	25571.0	40658.0	81709.0	931156.0
	17.0	18.0	19.0	20.0	21.0	22.0	23.0	24.0	25.0	26.0	27.0	28.0	29.0	30.0	31.0	32.0	33.0	34.0	35.0
SRR10141035_1_val_1	5.0	44.0	115.0	252.0	449.0	818.0	1304.0	2272.0	3926.0	6873.0	11377.0	16954.0	24724.0	34677.0	50902.0	78355.0	143089.0	337691.0	467259.0
	8.0	9.0	10.0	11.0	12.0	13.0	14.0	15.0	16.0	17.0	18.0	19.0	20.0	21.0	22.0	23.0	24.0	25.0	26.0	27.0	28.0	29.0	30.0	31.0	32.0	33.0	34.0	35.0
SRR10141035_2_val_2	2.0	1.0	3.0	0.0	2.0	2.0	18.0	72.0	137.0	235.0	491.0	790.0	1175.0	1736.0	2442.0	3239.0	4674.0	7536.0	11998.0	17534.0	24143.0	32463.0	42679.0	57965.0	84268.0	138915.0	297295.0	451271.0
	16.0	17.0	18.0	19.0	20.0	21.0	22.0	23.0	24.0	25.0	26.0	27.0	28.0	29.0	30.0	31.0	32.0	33.0	34.0	35.0
SRR10141036_1_val_1	1.0	15.0	86.0	239.0	470.0	903.0	1528.0	2388.0	4242.0	7832.0	14979.0	25341.0	38945.0	57129.0	80393.0	115199.0	176896.0	307246.0	634284.0	690150.0
	13.0	14.0	15.0	16.0	17.0	18.0	19.0	20.0	21.0	22.0	23.0	24.0	25.0	26.0	27.0	28.0	29.0	30.0	31.0	32.0	33.0	34.0	35.0
SRR10141036_2_val_2	1.0	15.0	108.0	203.0	418.0	822.0	1416.0	2314.0	3054.0	4325.0	5724.0	8188.0	13595.0	21731.0	32186.0	44600.0	60410.0	81080.0	111270.0	163050.0	267412.0	565111.0	771233.0
	17.0	18.0	19.0	20.0	21.0	22.0	23.0	24.0	25.0	26.0	27.0	28.0	29.0	30.0	31.0	32.0	33.0	34.0	35.0
SRR10141037_1_val_1	11.0	70.0	218.0	426.0	769.0	1215.0	1945.0	3511.0	6240.0	11353.0	18528.0	27954.0	39333.0	54525.0	77292.0	118109.0	217964.0	558392.0	848521.0
	11.0	12.0	13.0	14.0	15.0	16.0	17.0	18.0	19.0	20.0	21.0	22.0	23.0	24.0	25.0	26.0	27.0	28.0	29.0	30.0	31.0	32.0	33.0	34.0	35.0
SRR10141037_2_val_2	2.0	1.0	4.0	24.0	65.0	127.0	325.0	650.0	1208.0	1776.0	2621.0	3463.0	5132.0	7769.0	12491.0	19661.0	28239.0	37564.0	48476.0	62406.0	83215.0	120467.0	201433.0	475655.0	873602.0
	16.0	17.0	18.0	19.0	20.0	21.0	22.0	23.0	24.0	25.0	26.0	27.0	28.0	29.0	30.0	31.0	32.0	33.0	34.0	35.0
SRR10141038_1_val_1	2.0	16.0	106.0	291.0	611.0	1010.0	1607.0	2473.0	4195.0	7357.0	13206.0	21818.0	32492.0	45918.0	63072.0	89978.0	139072.0	254540.0	650651.0	929087.0
	4.0	5.0	6.0	7.0	8.0	9.0	10.0	11.0	12.0	13.0	14.0	15.0	16.0	17.0	18.0	19.0	20.0	21.0	22.0	23.0	24.0	25.0	26.0	27.0	28.0	29.0	30.0	31.0	32.0	33.0	34.0	35.0
SRR10141038_2_val_2	2.0	0.0	1.0	0.0	1.0	1.0	2.0	2.0	1.0	4.0	30.0	85.0	176.0	316.0	749.0	1371.0	2178.0	3014.0	4327.0	6241.0	9296.0	14937.0	23354.0	33318.0	43917.0	56739.0	74906.0	101535.0	150152.0	252917.0	570900.0	907030.0
	17.0	18.0	19.0	20.0	21.0	22.0	23.0	24.0	25.0	26.0	27.0	28.0	29.0	30.0	31.0	32.0	33.0	34.0	35.0	36.0	37.0	38.0
SRR10141039_1_val_1	1.0	2.0	2.0	31.0	98.0	199.0	317.0	457.0	801.0	1430.0	2255.0	3428.0	4834.0	6475.0	8375.0	10957.0	14610.0	19870.0	28300.0	48560.0	141707.0	825947.0
	15.0	16.0	17.0	18.0	19.0	20.0	21.0	22.0	23.0	24.0	25.0	26.0	27.0	28.0	29.0	30.0	31.0	32.0	33.0	34.0	35.0	36.0	37.0	38.0
SRR10141039_2_val_2	2.0	24.0	79.0	199.0	367.0	634.0	867.0	1196.0	1676.0	2309.0	3470.0	4550.0	5707.0	7321.0	8840.0	10786.0	13038.0	15838.0	20166.0	26753.0	39200.0	69687.0	218990.0	666957.0
	19.0	20.0	21.0	22.0	23.0	24.0	25.0	26.0	27.0	28.0	29.0	30.0	31.0	32.0	33.0	34.0	35.0	36.0	37.0	38.0
SRR10141040_1_val_1	10.0	41.0	110.0	223.0	463.0	747.0	1246.0	2195.0	3490.0	5268.0	7181.0	9544.0	12663.0	16189.0	20938.0	28553.0	41672.0	70448.0	200963.0	1047602.0
	15.0	16.0	17.0	18.0	19.0	20.0	21.0	22.0	23.0	24.0	25.0	26.0	27.0	28.0	29.0	30.0	31.0	32.0	33.0	34.0	35.0	36.0	37.0	38.0
SRR10141040_2_val_2	3.0	23.0	96.0	223.0	481.0	887.0	1096.0	1619.0	2121.0	2929.0	4426.0	5775.0	7324.0	9433.0	11613.0	13959.0	17107.0	20786.0	26703.0	35625.0	52303.0	91544.0	278226.0	885244.0
	14.0	15.0	16.0	17.0	18.0	19.0	20.0	21.0	22.0	23.0	24.0	25.0	26.0	27.0	28.0	29.0	30.0	31.0	32.0	33.0	34.0	35.0	36.0	37.0	38.0
SRR10141041_1_val_1	1.0	0.0	2.0	4.0	5.0	15.0	18.0	29.0	57.0	155.0	350.0	699.0	1231.0	2103.0	3020.0	4472.0	6231.0	7705.0	9804.0	12985.0	17728.0	25704.0	42458.0	112356.0	416988.0
	15.0	16.0	17.0	18.0	19.0	20.0	21.0	22.0	23.0	24.0	25.0	26.0	27.0	28.0	29.0	30.0	31.0	32.0	33.0	34.0	35.0	36.0	37.0	38.0
SRR10141041_2_val_2	4.0	32.0	84.0	161.0	246.0	365.0	398.0	472.0	715.0	1078.0	1792.0	2656.0	3599.0	4643.0	5796.0	7170.0	9157.0	11356.0	14487.0	19479.0	28391.0	48304.0	130543.0	373192.0
	18.0	19.0	20.0	21.0	22.0	23.0	24.0	25.0	26.0	27.0	28.0	29.0	30.0	31.0	32.0	33.0	34.0	35.0	36.0	37.0	38.0
SRR10141042_1_val_1	3.0	12.0	24.0	68.0	138.0	258.0	423.0	697.0	1247.0	1844.0	2879.0	3974.0	5442.0	7393.0	9646.0	12674.0	17252.0	24890.0	42106.0	121218.0	720624.0
	15.0	16.0	17.0	18.0	19.0	20.0	21.0	22.0	23.0	24.0	25.0	26.0	27.0	28.0	29.0	30.0	31.0	32.0	33.0	34.0	35.0	36.0	37.0	38.0
SRR10141042_2_val_2	6.0	17.0	52.0	121.0	296.0	466.0	729.0	1055.0	1478.0	2167.0	3295.0	4418.0	5751.0	6858.0	8433.0	10042.0	11891.0	14606.0	18483.0	24306.0	35097.0	61794.0	190470.0	570981.0
	14.0	15.0	16.0	17.0	18.0	19.0	20.0	21.0	22.0	23.0	24.0	25.0	26.0	27.0	28.0	29.0	30.0	31.0	32.0	33.0	34.0	35.0	36.0	37.0	38.0	39.0
SRR10141043_1_val_1	1.0	0.0	8.0	31.0	24.0	34.0	43.0	75.0	205.0	427.0	749.0	1202.0	1919.0	2682.0	3896.0	5185.0	6944.0	8973.0	11412.0	15189.0	20007.0	28060.0	42113.0	77832.0	292160.0	1162087.0
	10.0	11.0	12.0	13.0	14.0	15.0	16.0	17.0	18.0	19.0	20.0	21.0	22.0	23.0	24.0	25.0	26.0	27.0	28.0	29.0	30.0	31.0	32.0	33.0	34.0	35.0	36.0	37.0	38.0	39.0
SRR10141043_2_val_2	1.0	3.0	0.0	4.0	12.0	18.0	29.0	40.0	59.0	91.0	203.0	453.0	818.0	1257.0	1844.0	2720.0	3793.0	4650.0	5755.0	7173.0	8653.0	10678.0	12957.0	16746.0	22403.0	30988.0	47659.0	94881.0	396893.0	1010477.0
	16.0	17.0	18.0	19.0	20.0	21.0	22.0	23.0	24.0	25.0	26.0	27.0	28.0	29.0	30.0	31.0	32.0	33.0	34.0	35.0	36.0	37.0	38.0	39.0
SRR10141044_1_val_1	10.0	21.0	14.0	25.0	29.0	56.0	139.0	327.0	589.0	915.0	1522.0	2183.0	2923.0	3947.0	5280.0	6912.0	9159.0	11835.0	15936.0	22480.0	33345.0	62911.0	235529.0	896154.0
	11.0	12.0	13.0	14.0	15.0	16.0	17.0	18.0	19.0	20.0	21.0	22.0	23.0	24.0	25.0	26.0	27.0	28.0	29.0	30.0	31.0	32.0	33.0	34.0	35.0	36.0	37.0	38.0	39.0
SRR10141044_2_val_2	1.0	2.0	6.0	12.0	13.0	21.0	48.0	73.0	194.0	419.0	857.0	1375.0	2026.0	2801.0	4003.0	5083.0	6168.0	7180.0	8745.0	10085.0	12387.0	15274.0	18766.0	24449.0	34769.0	57789.0	135807.0	491179.0	472709.0
	16.0	17.0	18.0	19.0	20.0	21.0	22.0	23.0	24.0	25.0	26.0	27.0	28.0	29.0	30.0	31.0	32.0	33.0	34.0	35.0	36.0	37.0	38.0	39.0
SRR10141045_1_val_1	11.0	14.0	24.0	30.0	28.0	76.0	186.0	415.0	728.0	1152.0	1836.0	2560.0	3644.0	4801.0	6315.0	8337.0	10848.0	14091.0	18988.0	26181.0	39354.0	73140.0	269660.0	1047777.0
	9.0	10.0	11.0	12.0	13.0	14.0	15.0	16.0	17.0	18.0	19.0	20.0	21.0	22.0	23.0	24.0	25.0	26.0	27.0	28.0	29.0	30.0	31.0	32.0	33.0	34.0	35.0	36.0	37.0	38.0	39.0
SRR10141045_2_val_2	2.0	2.0	0.0	1.0	5.0	17.0	20.0	37.0	66.0	80.0	121.0	282.0	624.0	938.0	1424.0	2135.0	3091.0	4024.0	5191.0	6313.0	7388.0	8984.0	10996.0	13521.0	16965.0	22488.0	30704.0	47247.0	95367.0	394892.0	857271.0
	16.0	17.0	18.0	19.0	20.0	21.0	22.0	23.0	24.0	25.0	26.0	27.0	28.0	29.0	30.0	31.0	32.0	33.0	34.0	35.0
SRR10141046_1_val_1	1.0	20.0	69.0	209.0	399.0	723.0	1133.0	1626.0	2713.0	4695.0	8185.0	13179.0	19949.0	27835.0	38129.0	53999.0	81442.0	146952.0	366366.0	538204.0
	14.0	15.0	16.0	17.0	18.0	19.0	20.0	21.0	22.0	23.0	24.0	25.0	26.0	27.0	28.0	29.0	30.0	31.0	32.0	33.0	34.0	35.0
SRR10141046_2_val_2	16.0	53.0	102.0	221.0	499.0	988.0	1414.0	2054.0	3019.0	4307.0	6279.0	10209.0	15559.0	21902.0	28672.0	36788.0	47465.0	62704.0	88418.0	139431.0	289277.0	546451.0
	16.0	17.0	18.0	19.0	20.0	21.0	22.0	23.0	24.0	25.0	26.0	27.0	28.0	29.0	30.0	31.0	32.0	33.0	34.0	35.0
SRR10141047_1_val_1	4.0	13.0	91.0	249.0	464.0	861.0	1340.0	2230.0	3644.0	6592.0	11624.0	18839.0	27832.0	39447.0	54329.0	77333.0	118113.0	211185.0	505959.0	658482.0
	14.0	15.0	16.0	17.0	18.0	19.0	20.0	21.0	22.0	23.0	24.0	25.0	26.0	27.0	28.0	29.0	30.0	31.0	32.0	33.0	34.0	35.0
SRR10141047_2_val_2	14.0	59.0	99.0	237.0	570.0	1114.0	1790.0	2441.0	3355.0	4721.0	6965.0	11616.0	17981.0	25555.0	33732.0	44255.0	56826.0	75965.0	108608.0	175333.0	389643.0	777752.0
	16.0	17.0	18.0	19.0	20.0	21.0	22.0	23.0	24.0	25.0	26.0	27.0	28.0	29.0	30.0	31.0	32.0	33.0	34.0	35.0	36.0	37.0	38.0	39.0
SRR10141048_1_val_1	8.0	14.0	11.0	16.0	23.0	49.0	96.0	304.0	465.0	738.0	1129.0	1653.0	2261.0	2922.0	3744.0	4795.0	6261.0	8127.0	10752.0	15112.0	22792.0	42279.0	170633.0	1040759.0
	16.0	17.0	18.0	19.0	20.0	21.0	22.0	23.0	24.0	25.0	26.0	27.0	28.0	29.0	30.0	31.0	32.0	33.0	34.0	35.0	36.0	37.0	38.0	39.0
SRR10141048_2_val_2	8.0	17.0	21.0	51.0	96.0	221.0	426.0	694.0	1038.0	1465.0	1869.0	2461.0	3004.0	3609.0	4508.0	5606.0	6962.0	8951.0	12038.0	16730.0	26270.0	52964.0	246884.0	939050.0
	17.0	18.0	19.0	20.0	21.0	22.0	23.0	24.0	25.0	26.0	27.0	28.0	29.0	30.0	31.0	32.0	33.0	34.0	35.0
SRR10141049_1_val_1	16.0	65.0	179.0	339.0	560.0	821.0	1320.0	1873.0	3236.0	5173.0	8001.0	11965.0	16247.0	22362.0	31708.0	49870.0	94867.0	321107.0	700820.0
	13.0	14.0	15.0	16.0	17.0	18.0	19.0	20.0	21.0	22.0	23.0	24.0	25.0	26.0	27.0	28.0	29.0	30.0	31.0	32.0	33.0	34.0	35.0
SRR10141049_2_val_2	1.0	17.0	62.0	111.0	177.0	396.0	748.0	1165.0	1389.0	1870.0	2625.0	3666.0	5768.0	8679.0	12232.0	16323.0	20831.0	26646.0	35931.0	51765.0	89697.0	234688.0	755742.0
	16.0	17.0	18.0	19.0	20.0	21.0	22.0	23.0	24.0	25.0	26.0	27.0	28.0	29.0	30.0	31.0	32.0	33.0	34.0	35.0
SRR10141050_1_val_1	1.0	13.0	98.0	237.0	423.0	727.0	959.0	1455.0	2243.0	3606.0	5947.0	9250.0	13427.0	18410.0	25010.0	34890.0	54017.0	102532.0	352168.0	832068.0
	14.0	15.0	16.0	17.0	18.0	19.0	20.0	21.0	22.0	23.0	24.0	25.0	26.0	27.0	28.0	29.0	30.0	31.0	32.0	33.0	34.0	35.0
SRR10141050_2_val_2	30.0	81.0	115.0	193.0	455.0	945.0	1389.0	1837.0	2362.0	3408.0	5038.0	7804.0	11836.0	16093.0	21314.0	27405.0	35310.0	47106.0	69735.0	119404.0	291859.0	793762.0
	16.0	17.0	18.0	19.0	20.0	21.0	22.0	23.0	24.0	25.0	26.0	27.0	28.0	29.0	30.0	31.0	32.0	33.0	34.0	35.0
SRR10141051_1_val_1	2.0	13.0	76.0	151.0	285.0	435.0	720.0	1274.0	2045.0	3494.0	6029.0	9617.0	14266.0	19862.0	27319.0	38389.0	58361.0	105067.0	272149.0	487552.0
	6.0	7.0	8.0	9.0	10.0	11.0	12.0	13.0	14.0	15.0	16.0	17.0	18.0	19.0	20.0	21.0	22.0	23.0	24.0	25.0	26.0	27.0	28.0	29.0	30.0	31.0	32.0	33.0	34.0	35.0
SRR10141051_2_val_2	1.0	0.0	0.0	0.0	0.0	0.0	1.0	0.0	19.0	64.0	101.0	191.0	452.0	812.0	1240.0	1636.0	2226.0	3047.0	4420.0	7049.0	10623.0	15219.0	19889.0	25816.0	33144.0	43970.0	62798.0	100739.0	220926.0	492723.0
	17.0	18.0	19.0	20.0	21.0	22.0	23.0	24.0	25.0	26.0	27.0	28.0	29.0	30.0	31.0	32.0	33.0	34.0	35.0	36.0	37.0	38.0
SRR10141052_1_val_1	1.0	3.0	5.0	20.0	28.0	67.0	123.0	269.0	634.0	1256.0	2337.0	3614.0	5502.0	7364.0	9791.0	12906.0	17029.0	23324.0	33198.0	55969.0	155209.0	818516.0
	14.0	15.0	16.0	17.0	18.0	19.0	20.0	21.0	22.0	23.0	24.0	25.0	26.0	27.0	28.0	29.0	30.0	31.0	32.0	33.0	34.0	35.0	36.0	37.0	38.0
SRR10141052_2_val_2	2.0	16.0	92.0	239.0	374.0	644.0	836.0	1144.0	1584.0	2457.0	3829.0	6739.0	9783.0	12178.0	13546.0	15269.0	16466.0	18472.0	21103.0	25305.0	32013.0	43673.0	71347.0	188030.0	662024.0
	16.0	17.0	18.0	19.0	20.0	21.0	22.0	23.0	24.0	25.0	26.0	27.0	28.0	29.0	30.0	31.0	32.0	33.0	34.0	35.0
SRR10141053_1_val_1	1.0	24.0	95.0	267.0	478.0	765.0	1272.0	2132.0	3441.0	6153.0	10597.0	18192.0	28395.0	41353.0	59473.0	86776.0	133217.0	232518.0	476781.0	461328.0
	13.0	14.0	15.0	16.0	17.0	18.0	19.0	20.0	21.0	22.0	23.0	24.0	25.0	26.0	27.0	28.0	29.0	30.0	31.0	32.0	33.0	34.0	35.0
SRR10141053_2_val_2	1.0	25.0	131.0	276.0	452.0	825.0	1487.0	2104.0	2794.0	3616.0	4695.0	6664.0	9978.0	15212.0	22163.0	30517.0	41502.0	55145.0	75746.0	110144.0	176999.0	371235.0	631547.0
	15.0	16.0	17.0	18.0	19.0	20.0	21.0	22.0	23.0	24.0	25.0	26.0	27.0	28.0	29.0	30.0	31.0	32.0	33.0	34.0	35.0
SRR10141054_1_val_1	1.0	4.0	45.0	239.0	638.0	1357.0	2379.0	4163.0	6728.0	11697.0	21284.0	39055.0	66396.0	102685.0	147503.0	208087.0	301246.0	465225.0	820936.0	1694519.0	1607202.0
	13.0	14.0	15.0	16.0	17.0	18.0	19.0	20.0	21.0	22.0	23.0	24.0	25.0	26.0	27.0	28.0	29.0	30.0	31.0	32.0	33.0	34.0	35.0
SRR10141054_2_val_2	2.0	38.0	258.0	568.0	1050.0	2240.0	3840.0	6211.0	8377.0	11768.0	16008.0	23344.0	37252.0	57751.0	83019.0	112851.0	149376.0	197416.0	269232.0	387651.0	627764.0	1320981.0	2184392.0
	16.0	17.0	18.0	19.0	20.0	21.0	22.0	23.0	24.0	25.0	26.0	27.0	28.0	29.0	30.0	31.0	32.0	33.0	34.0	35.0
SRR10141055_1_val_1	2.0	17.0	82.0	235.0	484.0	723.0	1193.0	1765.0	2944.0	5138.0	8663.0	14452.0	22130.0	31630.0	45140.0	65337.0	102333.0	183439.0	409197.0	497836.0
	14.0	15.0	16.0	17.0	18.0	19.0	20.0	21.0	22.0	23.0	24.0	25.0	26.0	27.0	28.0	29.0	30.0	31.0	32.0	33.0	34.0	35.0
SRR10141055_2_val_2	19.0	113.0	178.0	294.0	628.0	1079.0	1636.0	2388.0	3146.0	4449.0	6411.0	9901.0	14896.0	20238.0	26812.0	35084.0	45478.0	61284.0	87275.0	140591.0	295351.0	635489.0
	17.0	18.0	19.0	20.0	21.0	22.0	23.0	24.0	25.0	26.0	27.0	28.0	29.0	30.0	31.0	32.0	33.0	34.0	35.0
SRR10141056_1_val_1	9.0	82.0	209.0	417.0	635.0	1059.0	1640.0	2677.0	4585.0	7729.0	13106.0	19597.0	28028.0	39678.0	57666.0	90016.0	162208.0	363354.0	444070.0
	13.0	14.0	15.0	16.0	17.0	18.0	19.0	20.0	21.0	22.0	23.0	24.0	25.0	26.0	27.0	28.0	29.0	30.0	31.0	32.0	33.0	34.0	35.0
SRR10141056_2_val_2	1.0	21.0	89.0	154.0	260.0	501.0	859.0	1321.0	1809.0	2506.0	3526.0	4946.0	7635.0	11369.0	16035.0	21308.0	27835.0	35674.0	48505.0	68953.0	112196.0	253072.0	618190.0
	16.0	17.0	18.0	19.0	20.0	21.0	22.0	23.0	24.0	25.0	26.0	27.0	28.0	29.0	30.0	31.0	32.0	33.0	34.0	35.0
SRR10141057_1_val_1	1.0	14.0	96.0	247.0	491.0	764.0	1145.0	1874.0	2884.0	4866.0	7820.0	12181.0	18010.0	24233.0	32900.0	45365.0	67685.0	120019.0	345893.0	955768.0
	2.0	3.0	4.0	5.0	6.0	7.0	8.0	9.0	10.0	11.0	12.0	13.0	14.0	15.0	16.0	17.0	18.0	19.0	20.0	21.0	22.0	23.0	24.0	25.0	26.0	27.0	28.0	29.0	30.0	31.0	32.0	33.0	34.0	35.0
SRR10141057_2_val_2	15.0	15.0	15.0	32.0	12.0	25.0	27.0	25.0	13.0	21.0	21.0	24.0	41.0	90.0	124.0	260.0	544.0	975.0	1605.0	2083.0	2950.0	4134.0	6036.0	9551.0	14154.0	19353.0	25019.0	31477.0	40284.0	53468.0	77024.0	126972.0	295250.0	930617.0
	18.0	19.0	20.0	21.0	22.0	23.0	24.0	25.0	26.0	27.0	28.0	29.0	30.0	31.0	32.0	33.0	34.0	35.0	36.0	37.0	38.0
SRR10141058_1_val_1	3.0	15.0	41.0	104.0	216.0	393.0	721.0	1347.0	2151.0	3604.0	6347.0	10237.0	16676.0	27227.0	45885.0	81482.0	139841.0	206153.0	209986.0	106442.0	11670.0
	15.0	16.0	17.0	18.0	19.0	20.0	21.0	22.0	23.0	24.0	25.0	26.0	27.0	28.0	29.0	30.0	31.0	32.0	33.0	34.0	35.0	36.0	37.0	38.0
SRR10141058_2_val_2	7.0	23.0	71.0	172.0	253.0	417.0	682.0	957.0	1414.0	2029.0	3222.0	4848.0	7354.0	11086.0	16479.0	26389.0	43636.0	72878.0	118655.0	172577.0	197488.0	140338.0	46757.0	2809.0
	17.0	18.0	19.0	20.0	21.0	22.0	23.0	24.0	25.0	26.0	27.0	28.0	29.0	30.0	31.0	32.0	33.0	34.0	35.0	36.0	37.0	38.0
SRR10141059_1_val_1	1.0	3.0	15.0	35.0	84.0	169.0	305.0	526.0	951.0	1695.0	3019.0	5000.0	7814.0	11889.0	17538.0	26115.0	41413.0	71704.0	129786.0	218632.0	261749.0	68348.0
	14.0	15.0	16.0	17.0	18.0	19.0	20.0	21.0	22.0	23.0	24.0	25.0	26.0	27.0	28.0	29.0	30.0	31.0	32.0	33.0	34.0	35.0	36.0	37.0	38.0
SRR10141059_2_val_2	1.0	4.0	19.0	70.0	155.0	261.0	402.0	578.0	762.0	1163.0	1562.0	2590.0	3928.0	5784.0	8026.0	11152.0	15832.0	23030.0	35907.0	59140.0	99999.0	163850.0	218527.0	184487.0	29562.0
	14.0	15.0	16.0	17.0	18.0	19.0	20.0	21.0	22.0	23.0	24.0	25.0	26.0	27.0	28.0	29.0	30.0	31.0	32.0	33.0	34.0	35.0
SRR10141060_1_val_1	2.0	3.0	6.0	23.0	93.0	225.0	441.0	760.0	1159.0	1810.0	2964.0	5260.0	9148.0	15584.0	24192.0	34610.0	48523.0	70594.0	110358.0	201825.0	518268.0	734629.0
	7.0	8.0	9.0	10.0	11.0	12.0	13.0	14.0	15.0	16.0	17.0	18.0	19.0	20.0	21.0	22.0	23.0	24.0	25.0	26.0	27.0	28.0	29.0	30.0	31.0	32.0	33.0	34.0	35.0
SRR10141060_2_val_2	2.0	0.0	3.0	1.0	1.0	1.0	0.0	25.0	92.0	126.0	228.0	481.0	931.0	1378.0	2062.0	2833.0	4109.0	5746.0	9474.0	15365.0	22788.0	31196.0	41361.0	54443.0	75016.0	110451.0	191865.0	466677.0	743822.0
	17.0	18.0	19.0	20.0	21.0	22.0	23.0	24.0	25.0	26.0	27.0	28.0	29.0	30.0	31.0	32.0	33.0	34.0	35.0
SRR10141061_1_val_1	17.0	76.0	211.0	429.0	877.0	1390.0	2116.0	3501.0	5464.0	8981.0	13657.0	19689.0	27296.0	37118.0	52919.0	80909.0	142352.0	352970.0	693083.0
	11.0	12.0	13.0	14.0	15.0	16.0	17.0	18.0	19.0	20.0	21.0	22.0	23.0	24.0	25.0	26.0	27.0	28.0	29.0	30.0	31.0	32.0	33.0	34.0	35.0
SRR10141061_2_val_2	1.0	0.0	2.0	10.0	44.0	109.0	260.0	544.0	1043.0	1695.0	2341.0	3303.0	4555.0	6199.0	9447.0	13932.0	19132.0	25227.0	32519.0	42594.0	57691.0	82803.0	137281.0	302897.0	699426.0
	16.0	17.0	18.0	19.0	20.0	21.0	22.0	23.0	24.0	25.0	26.0	27.0	28.0	29.0	30.0	31.0	32.0	33.0	34.0	35.0
SRR10141062_1_val_1	3.0	15.0	60.0	184.0	339.0	609.0	1097.0	1700.0	2912.0	4603.0	7735.0	12100.0	17282.0	24335.0	33346.0	47185.0	71899.0	127502.0	320565.0	711361.0
	14.0	15.0	16.0	17.0	18.0	19.0	20.0	21.0	22.0	23.0	24.0	25.0	26.0	27.0	28.0	29.0	30.0	31.0	32.0	33.0	34.0	35.0
SRR10141062_2_val_2	6.0	68.0	124.0	239.0	492.0	1062.0	1606.0	2148.0	2874.0	3844.0	5165.0	8072.0	12163.0	17368.0	22554.0	29366.0	38313.0	51482.0	74573.0	123983.0	278958.0	710372.0
	10.0	11.0	12.0	13.0	14.0	15.0	16.0	17.0	18.0	19.0	20.0	21.0	22.0	23.0	24.0	25.0	26.0	27.0	28.0	29.0	30.0	31.0	32.0	33.0	34.0	35.0
SRR10141063_1_val_1	3.0	10.0	8.0	7.0	10.0	26.0	21.0	51.0	85.0	125.0	237.0	563.0	1079.0	1944.0	3267.0	6739.0	13790.0	25911.0	42087.0	61698.0	86364.0	116587.0	158572.0	206047.0	217720.0	73911.0
	12.0	13.0	14.0	15.0	16.0	17.0	18.0	19.0	20.0	21.0	22.0	23.0	24.0	25.0	26.0	27.0	28.0	29.0	30.0	31.0	32.0	33.0	34.0	35.0
SRR10141063_2_val_2	1.0	2.0	6.0	69.0	494.0	914.0	1196.0	1468.0	2021.0	2606.0	4148.0	6531.0	10772.0	19289.0	33369.0	52044.0	73846.0	97315.0	123594.0	149996.0	169242.0	160374.0	94549.0	13016.0
	16.0	17.0	18.0	19.0	20.0	21.0	22.0	23.0	24.0	25.0	26.0	27.0	28.0	29.0	30.0	31.0	32.0	33.0	34.0	35.0
SRR10141064_1_val_1	1.0	13.0	77.0	163.0	282.0	560.0	880.0	1328.0	2267.0	3736.0	6243.0	10316.0	15538.0	21854.0	30283.0	43491.0	65984.0	115919.0	275305.0	498790.0
	14.0	15.0	16.0	17.0	18.0	19.0	20.0	21.0	22.0	23.0	24.0	25.0	26.0	27.0	28.0	29.0	30.0	31.0	32.0	33.0	34.0	35.0
SRR10141064_2_val_2	6.0	46.0	132.0	240.0	472.0	872.0	1347.0	1951.0	2537.0	3365.0	4660.0	6997.0	10425.0	14725.0	19930.0	26374.0	34784.0	47882.0	69734.0	113675.0	246038.0	486838.0
	17.0	18.0	19.0	20.0	21.0	22.0	23.0	24.0	25.0	26.0	27.0	28.0	29.0	30.0	31.0	32.0	33.0	34.0	35.0
SRR10141065_1_val_1	8.0	79.0	149.0	298.0	453.0	732.0	1114.0	1925.0	3336.0	5495.0	8980.0	12960.0	17757.0	24097.0	33627.0	49973.0	85195.0	213033.0	543662.0
	14.0	15.0	16.0	17.0	18.0	19.0	20.0	21.0	22.0	23.0	24.0	25.0	26.0	27.0	28.0	29.0	30.0	31.0	32.0	33.0	34.0	35.0
SRR10141065_2_val_2	15.0	74.0	135.0	192.0	355.0	687.0	1072.0	1420.0	1982.0	2704.0	3781.0	6020.0	9085.0	12980.0	17307.0	22259.0	28611.0	38970.0	55962.0	93518.0	212318.0	493426.0
	15.0	16.0	17.0	18.0	19.0	20.0	21.0	22.0	23.0	24.0	25.0	26.0	27.0	28.0	29.0	30.0	31.0	32.0	33.0	34.0	35.0
SRR10141066_1_val_1	1.0	2.0	17.0	94.0	220.0	445.0	731.0	1274.0	1871.0	2867.0	4563.0	7138.0	11014.0	15916.0	21948.0	29502.0	40751.0	61471.0	107161.0	275725.0	1048965.0
	2.0	3.0	4.0	5.0	6.0	7.0	8.0	9.0	10.0	11.0	12.0	13.0	14.0	15.0	16.0	17.0	18.0	19.0	20.0	21.0	22.0	23.0	24.0	25.0	26.0	27.0	28.0	29.0	30.0	31.0	32.0	33.0	34.0	35.0
SRR10141066_2_val_2	12.0	11.0	15.0	19.0	9.0	16.0	13.0	6.0	12.0	9.0	15.0	9.0	29.0	104.0	167.0	351.0	677.0	1136.0	1674.0	2388.0	3006.0	4011.0	5423.0	7935.0	11743.0	16366.0	21261.0	27521.0	34774.0	46232.0	64886.0	105108.0	238775.0	1037963.0
	18.0	19.0	20.0	21.0	22.0	23.0	24.0	25.0	26.0	27.0	28.0	29.0	30.0	31.0	32.0	33.0	34.0	35.0	36.0	37.0	38.0
SRR10141067_1_val_1	1.0	7.0	22.0	71.0	129.0	236.0	485.0	989.0	1913.0	3316.0	5206.0	7534.0	9936.0	12947.0	16595.0	21707.0	28665.0	40891.0	68533.0	183712.0	492313.0
	15.0	16.0	17.0	18.0	19.0	20.0	21.0	22.0	23.0	24.0	25.0	26.0	27.0	28.0	29.0	30.0	31.0	32.0	33.0	34.0	35.0	36.0	37.0	38.0
SRR10141067_2_val_2	7.0	15.0	62.0	164.0	392.0	669.0	1195.0	1696.0	2628.0	3667.0	5698.0	7727.0	9741.0	11951.0	14177.0	16445.0	19533.0	23349.0	28865.0	37940.0	53637.0	90075.0	231132.0	334443.0
	17.0	18.0	19.0	20.0	21.0	22.0	23.0	24.0	25.0	26.0	27.0	28.0	29.0	30.0	31.0	32.0	33.0	34.0	35.0
SRR10141068_1_val_1	10.0	43.0	161.0	295.0	459.0	752.0	1180.0	1860.0	3366.0	5981.0	9750.0	15401.0	21762.0	31000.0	45223.0	71930.0	130125.0	331989.0	570382.0
	11.0	12.0	13.0	14.0	15.0	16.0	17.0	18.0	19.0	20.0	21.0	22.0	23.0	24.0	25.0	26.0	27.0	28.0	29.0	30.0	31.0	32.0	33.0	34.0	35.0
SRR10141068_2_val_2	1.0	0.0	0.0	14.0	70.0	127.0	244.0	536.0	977.0	1438.0	1977.0	2591.0	3348.0	4640.0	7061.0	11109.0	16192.0	21631.0	28315.0	37028.0	50266.0	70998.0	114457.0	252023.0	616626.0
	20.0	21.0	22.0	23.0	24.0	25.0	26.0	27.0	28.0	29.0	30.0	31.0	32.0	33.0	34.0	35.0	36.0	37.0	38.0
SRR10141069_1_val_1	4.0	11.0	32.0	102.0	286.0	625.0	1192.0	2108.0	3270.0	4831.0	6538.0	8522.0	11343.0	14842.0	19620.0	28420.0	48034.0	130814.0	390509.0
	14.0	15.0	16.0	17.0	18.0	19.0	20.0	21.0	22.0	23.0	24.0	25.0	26.0	27.0	28.0	29.0	30.0	31.0	32.0	33.0	34.0	35.0	36.0	37.0	38.0
SRR10141069_2_val_2	1.0	6.0	42.0	138.0	291.0	489.0	634.0	962.0	1410.0	2028.0	2957.0	4757.0	6570.0	8436.0	9929.0	11684.0	13483.0	16075.0	19751.0	24611.0	33040.0	48757.0	83441.0	194337.0	187274.0
	17.0	18.0	19.0	20.0	21.0	22.0	23.0	24.0	25.0	26.0	27.0	28.0	29.0	30.0	31.0	32.0	33.0	34.0	35.0
SRR10141070_1_val_1	2.0	5.0	60.0	191.0	312.0	467.0	1007.0	2146.0	4417.0	8758.0	15757.0	24755.0	35712.0	51389.0	78558.0	131138.0	237058.0	450698.0	215510.0
	9.0	10.0	11.0	12.0	13.0	14.0	15.0	16.0	17.0	18.0	19.0	20.0	21.0	22.0	23.0	24.0	25.0	26.0	27.0	28.0	29.0	30.0	31.0	32.0	33.0	34.0	35.0
SRR10141070_2_val_2	1.0	0.0	0.0	0.0	0.0	38.0	282.0	491.0	604.0	700.0	817.0	1089.0	1344.0	1633.0	2250.0	3692.0	6328.0	10905.0	16741.0	23774.0	33452.0	47108.0	68892.0	105771.0	171421.0	374140.0	386467.0
	15.0	16.0	17.0	18.0	19.0	20.0	21.0	22.0	23.0	24.0	25.0	26.0	27.0	28.0	29.0	30.0	31.0	32.0	33.0	34.0	35.0
SRR10141071_1_val_1	1.0	2.0	22.0	108.0	306.0	469.0	732.0	1251.0	2100.0	3697.0	6816.0	12815.0	22139.0	35447.0	52572.0	76689.0	115838.0	180548.0	302261.0	524046.0	373573.0
	14.0	15.0	16.0	17.0	18.0	19.0	20.0	21.0	22.0	23.0	24.0	25.0	26.0	27.0	28.0	29.0	30.0	31.0	32.0	33.0	34.0	35.0
SRR10141071_2_val_2	36.0	164.0	227.0	416.0	812.0	1400.0	2021.0	3187.0	4357.0	6430.0	9203.0	14969.0	23803.0	34720.0	48549.0	66596.0	89707.0	122103.0	169057.0	244074.0	405982.0	463619.0
	20.0	21.0	22.0	23.0	24.0	25.0	26.0	27.0	28.0	29.0	30.0	31.0	32.0	33.0	34.0	35.0	36.0	37.0	38.0
SRR10141072_1_val_1	3.0	10.0	20.0	89.0	179.0	365.0	722.0	1224.0	1827.0	2673.0	3766.0	5008.0	6630.0	8473.0	11205.0	16055.0	26801.0	72834.0	399891.0
	14.0	15.0	16.0	17.0	18.0	19.0	20.0	21.0	22.0	23.0	24.0	25.0	26.0	27.0	28.0	29.0	30.0	31.0	32.0	33.0	34.0	35.0	36.0	37.0	38.0
SRR10141072_2_val_2	3.0	13.0	76.0	204.0	437.0	666.0	863.0	1089.0	1314.0	1767.0	2337.0	3405.0	4291.0	5135.0	5737.0	6612.0	7302.0	8674.0	10541.0	12525.0	16349.0	23216.0	38747.0	108381.0	298091.0
	14.0	15.0	16.0	17.0	18.0	19.0	20.0	21.0	22.0	23.0	24.0	25.0	26.0	27.0	28.0	29.0	30.0	31.0	32.0	33.0	34.0	35.0
SRR10141073_1_val_1	1.0	2.0	5.0	15.0	11.0	61.0	185.0	302.0	409.0	684.0	1483.0	3266.0	6362.0	11041.0	17590.0	24676.0	34658.0	49938.0	80874.0	153875.0	431427.0	643583.0
	14.0	15.0	16.0	17.0	18.0	19.0	20.0	21.0	22.0	23.0	24.0	25.0	26.0	27.0	28.0	29.0	30.0	31.0	32.0	33.0	34.0	35.0
SRR10141073_2_val_2	46.0	205.0	300.0	454.0	600.0	777.0	1037.0	1166.0	1526.0	1921.0	2899.0	5153.0	8347.0	12409.0	17567.0	23403.0	31478.0	42770.0	63121.0	111489.0	284792.0	848988.0
	9.0	10.0	11.0	12.0	13.0	14.0	15.0	16.0	17.0	18.0	19.0	20.0	21.0	22.0	23.0	24.0	25.0	26.0	27.0	28.0	29.0	30.0	31.0	32.0	33.0	34.0	35.0
SRR10141074_1_val_1	1.0	3.0	8.0	13.0	13.0	20.0	24.0	37.0	49.0	98.0	97.0	154.0	298.0	542.0	1361.0	3291.0	7726.0	16683.0	31357.0	51539.0	77077.0	107051.0	148202.0	200696.0	264012.0	268208.0	73892.0
	12.0	13.0	14.0	15.0	16.0	17.0	18.0	19.0	20.0	21.0	22.0	23.0	24.0	25.0	26.0	27.0	28.0	29.0	30.0	31.0	32.0	33.0	34.0	35.0
SRR10141074_2_val_2	3.0	2.0	4.0	41.0	298.0	581.0	798.0	981.0	1265.0	2001.0	3573.0	6735.0	12287.0	23687.0	41900.0	64991.0	91901.0	122345.0	155148.0	189178.0	214891.0	200542.0	108047.0	11253.0
	17.0	18.0	19.0	20.0	21.0	22.0	23.0	24.0	25.0	26.0	27.0	28.0	29.0	30.0	31.0	32.0	33.0	34.0	35.0
SRR10141075_1_val_1	1.0	2.0	12.0	61.0	127.0	243.0	447.0	904.0	1925.0	3704.0	6667.0	10463.0	15700.0	22126.0	33908.0	57643.0	112290.0	277490.0	289604.0
	14.0	15.0	16.0	17.0	18.0	19.0	20.0	21.0	22.0	23.0	24.0	25.0	26.0	27.0	28.0	29.0	30.0	31.0	32.0	33.0	34.0	35.0
SRR10141075_2_val_2	40.0	186.0	286.0	437.0	556.0	758.0	863.0	1041.0	1092.0	1366.0	2030.0	3446.0	5649.0	8244.0	11508.0	15596.0	21121.0	28905.0	41383.0	69716.0	177090.0	442004.0
	17.0	18.0	19.0	20.0	21.0	22.0	23.0	24.0	25.0	26.0	27.0	28.0	29.0	30.0	31.0	32.0	33.0	34.0	35.0
SRR10141076_1_val_1	1.0	9.0	74.0	253.0	627.0	1062.0	1777.0	3040.0	5376.0	10668.0	20732.0	39482.0	72066.0	121947.0	179179.0	209557.0	156321.0	45599.0	3068.0
	7.0	8.0	9.0	10.0	11.0	12.0	13.0	14.0	15.0	16.0	17.0	18.0	19.0	20.0	21.0	22.0	23.0	24.0	25.0	26.0	27.0	28.0	29.0	30.0	31.0	32.0	33.0	34.0	35.0
SRR10141076_2_val_2	1.0	0.0	0.0	0.0	0.0	0.0	1.0	128.0	630.0	755.0	759.0	884.0	1284.0	2123.0	3542.0	5401.0	8095.0	11712.0	18384.0	29658.0	51521.0	88390.0	139857.0	181793.0	173059.0	106977.0	38476.0	7058.0	350.0
	18.0	19.0	20.0	21.0	22.0	23.0	24.0	25.0	26.0	27.0	28.0	29.0	30.0	31.0	32.0	33.0	34.0	35.0
SRR10141077_1_val_1	5.0	55.0	188.0	562.0	883.0	1463.0	2540.0	4658.0	9469.0	18668.0	35686.0	65348.0	111030.0	159815.0	185903.0	135217.0	37727.0	2403.0
	13.0	14.0	15.0	16.0	17.0	18.0	19.0	20.0	21.0	22.0	23.0	24.0	25.0	26.0	27.0	28.0	29.0	30.0	31.0	32.0	33.0	34.0	35.0
SRR10141077_2_val_2	1.0	79.0	457.0	585.0	609.0	691.0	1060.0	1817.0	2939.0	4596.0	6772.0	10211.0	16038.0	26083.0	44768.0	78549.0	124252.0	161998.0	154625.0	95324.0	33717.0	6143.0	306.0
	17.0	18.0	19.0	20.0	21.0	22.0	23.0	24.0	25.0	26.0	27.0	28.0	29.0	30.0	31.0	32.0	33.0	34.0	35.0
SRR10141078_1_val_1	1.0	5.0	51.0	237.0	312.0	501.0	1059.0	2213.0	4849.0	9396.0	17113.0	27183.0	39547.0	57305.0	87050.0	143724.0	269487.0	653030.0	493341.0
	11.0	12.0	13.0	14.0	15.0	16.0	17.0	18.0	19.0	20.0	21.0	22.0	23.0	24.0	25.0	26.0	27.0	28.0	29.0	30.0	31.0	32.0	33.0	34.0	35.0
SRR10141078_2_val_2	1.0	0.0	0.0	55.0	299.0	391.0	616.0	972.0	1395.0	1910.0	2693.0	3656.0	4759.0	6275.0	9988.0	16308.0	24411.0	33361.0	45264.0	60785.0	83020.0	121391.0	204539.0	476996.0	707319.0
	17.0	18.0	19.0	20.0	21.0	22.0	23.0	24.0	25.0	26.0	27.0	28.0	29.0	30.0	31.0	32.0	33.0	34.0	35.0
SRR10141079_1_val_1	1.0	8.0	41.0	175.0	287.0	509.0	1020.0	2111.0	4635.0	9260.0	17163.0	27467.0	40251.0	59161.0	88761.0	147128.0	276445.0	668910.0	489826.0
	12.0	13.0	14.0	15.0	16.0	17.0	18.0	19.0	20.0	21.0	22.0	23.0	24.0	25.0	26.0	27.0	28.0	29.0	30.0	31.0	32.0	33.0	34.0	35.0
SRR10141079_2_val_2	1.0	1.0	45.0	236.0	396.0	553.0	810.0	1176.0	1940.0	2620.0	3775.0	4841.0	6457.0	10692.0	17660.0	26187.0	36414.0	48039.0	64732.0	88221.0	127839.0	214671.0	489525.0	686328.0
	17.0	18.0	19.0	20.0	21.0	22.0	23.0	24.0	25.0	26.0	27.0	28.0	29.0	30.0	31.0	32.0	33.0	34.0	35.0
SRR10141080_1_val_1	1.0	11.0	50.0	207.0	385.0	714.0	1248.0	2696.0	5463.0	11216.0	20173.0	32089.0	47222.0	67363.0	101328.0	167234.0	314697.0	736278.0	500643.0
	14.0	15.0	16.0	17.0	18.0	19.0	20.0	21.0	22.0	23.0	24.0	25.0	26.0	27.0	28.0	29.0	30.0	31.0	32.0	33.0	34.0	35.0
SRR10141080_2_val_2	37.0	270.0	398.0	592.0	887.0	1417.0	2134.0	2961.0	4276.0	5556.0	7133.0	11871.0	19236.0	28778.0	39577.0	52852.0	70729.0	96008.0	139671.0	236255.0	550055.0	738325.0
	18.0	19.0	20.0	21.0	22.0	23.0	24.0	25.0	26.0	27.0	28.0	29.0	30.0	31.0	32.0	33.0	34.0	35.0	36.0	37.0	38.0
SRR10141081_1_val_1	3.0	5.0	11.0	36.0	60.0	121.0	369.0	726.0	1468.0	2394.0	3688.0	5413.0	7002.0	9036.0	11865.0	15586.0	20748.0	30200.0	50908.0	142600.0	626446.0
	14.0	15.0	16.0	17.0	18.0	19.0	20.0	21.0	22.0	23.0	24.0	25.0	26.0	27.0	28.0	29.0	30.0	31.0	32.0	33.0	34.0	35.0	36.0	37.0	38.0
SRR10141081_2_val_2	2.0	28.0	95.0	223.0	445.0	893.0	1143.0	1194.0	1444.0	1932.0	2627.0	3725.0	5149.0	6598.0	7971.0	9891.0	11873.0	14181.0	17832.0	22290.0	30052.0	43898.0	74517.0	201944.0	468738.0
	19.0	20.0	21.0	22.0	23.0	24.0	25.0	26.0	27.0	28.0	29.0	30.0	31.0	32.0	33.0	34.0	35.0	36.0	37.0	38.0
SRR10141082_1_val_1	1.0	6.0	8.0	30.0	88.0	198.0	457.0	791.0	1389.0	2304.0	3238.0	4322.0	5629.0	7503.0	9726.0	13378.0	19485.0	32108.0	87690.0	414023.0
	15.0	16.0	17.0	18.0	19.0	20.0	21.0	22.0	23.0	24.0	25.0	26.0	27.0	28.0	29.0	30.0	31.0	32.0	33.0	34.0	35.0	36.0	37.0	38.0
SRR10141082_2_val_2	7.0	27.0	76.0	169.0	332.0	441.0	464.0	623.0	845.0	1173.0	1784.0	2494.0	3241.0	4077.0	5200.0	6262.0	7922.0	9856.0	12773.0	17287.0	25389.0	43194.0	118479.0	340259.0
	15.0	16.0	17.0	18.0	19.0	20.0	21.0	22.0	23.0	24.0	25.0	26.0	27.0	28.0	29.0	30.0	31.0	32.0	33.0	34.0	35.0
SRR10141083_1_val_1	1.0	2.0	13.0	110.0	236.0	426.0	665.0	1212.0	2045.0	3890.0	6967.0	13022.0	24540.0	46020.0	81539.0	135404.0	196908.0	231841.0	182338.0	71810.0	8161.0
	11.0	12.0	13.0	14.0	15.0	16.0	17.0	18.0	19.0	20.0	21.0	22.0	23.0	24.0	25.0	26.0	27.0	28.0	29.0	30.0	31.0	32.0	33.0	34.0	35.0
SRR10141083_2_val_2	1.0	0.0	0.0	13.0	91.0	223.0	472.0	834.0	1428.0	2392.0	4043.0	6358.0	9897.0	14720.0	23068.0	36345.0	60417.0	100344.0	154257.0	198647.0	194173.0	129394.0	55248.0	13642.0	1143.0
	16.0	17.0	18.0	19.0	20.0	21.0	22.0	23.0	24.0	25.0	26.0	27.0	28.0	29.0	30.0	31.0	32.0	33.0	34.0	35.0	36.0	37.0	38.0
SRR10141084_1_val_1	1.0	2.0	6.0	6.0	11.0	24.0	32.0	69.0	149.0	385.0	763.0	1239.0	1982.0	2964.0	3847.0	5154.0	6784.0	8726.0	11975.0	17438.0	28809.0	81248.0	487295.0
	14.0	15.0	16.0	17.0	18.0	19.0	20.0	21.0	22.0	23.0	24.0	25.0	26.0	27.0	28.0	29.0	30.0	31.0	32.0	33.0	34.0	35.0	36.0	37.0	38.0
SRR10141084_2_val_2	1.0	16.0	53.0	148.0	305.0	560.0	695.0	786.0	1063.0	1472.0	2018.0	2943.0	4048.0	5007.0	5940.0	7060.0	8179.0	9785.0	11663.0	14963.0	19658.0	28775.0	48872.0	139699.0	345200.0
	17.0	18.0	19.0	20.0	21.0	22.0	23.0	24.0	25.0	26.0	27.0	28.0	29.0	30.0	31.0	32.0	33.0	34.0	35.0
SRR10141085_1_val_1	1.0	5.0	29.0	128.0	309.0	727.0	1461.0	3462.0	7686.0	16274.0	28711.0	44413.0	62135.0	85259.0	125068.0	212804.0	459361.0	1152744.0	765247.0
	10.0	11.0	12.0	13.0	14.0	15.0	16.0	17.0	18.0	19.0	20.0	21.0	22.0	23.0	24.0	25.0	26.0	27.0	28.0	29.0	30.0	31.0	32.0	33.0	34.0	35.0
SRR10141085_2_val_2	1.0	1.0	0.0	3.0	82.0	351.0	502.0	543.0	825.0	1226.0	1660.0	2402.0	3614.0	5849.0	9919.0	18379.0	31589.0	47779.0	66647.0	90589.0	125287.0	187543.0	323714.0	656456.0	1115847.0	275016.0
	18.0	19.0	20.0	21.0	22.0	23.0	24.0	25.0	26.0	27.0	28.0	29.0	30.0	31.0	32.0	33.0	34.0	35.0
SRR10141086_1_val_1	2.0	21.0	69.0	93.0	208.0	433.0	801.0	1679.0	3467.0	6196.0	9653.0	13639.0	19148.0	28727.0	48757.0	105427.0	350488.0	330054.0
	14.0	15.0	16.0	17.0	18.0	19.0	20.0	21.0	22.0	23.0	24.0	25.0	26.0	27.0	28.0	29.0	30.0	31.0	32.0	33.0	34.0	35.0
SRR10141086_2_val_2	27.0	138.0	193.0	245.0	365.0	427.0	558.0	655.0	811.0	1086.0	1770.0	3084.0	5445.0	7934.0	10982.0	14525.0	19116.0	26259.0	39564.0	73048.0	209195.0	503435.0
	19.0	20.0	21.0	22.0	23.0	24.0	25.0	26.0	27.0	28.0	29.0	30.0	31.0	32.0	33.0	34.0	35.0	36.0	37.0	38.0
SRR10141087_1_val_1	4.0	7.0	25.0	45.0	117.0	297.0	628.0	1342.0	2350.0	3561.0	5144.0	6894.0	8949.0	11637.0	15188.0	20848.0	30259.0	50573.0	138701.0	543135.0
	14.0	15.0	16.0	17.0	18.0	19.0	20.0	21.0	22.0	23.0	24.0	25.0	26.0	27.0	28.0	29.0	30.0	31.0	32.0	33.0	34.0	35.0	36.0	37.0	38.0
SRR10141087_2_val_2	1.0	10.0	54.0	118.0	262.0	533.0	654.0	706.0	888.0	1284.0	1822.0	3111.0	4627.0	6312.0	7893.0	10271.0	12374.0	15721.0	19979.0	26162.0	36029.0	52537.0	86352.0	211803.0	340201.0
	19.0	20.0	21.0	22.0	23.0	24.0	25.0	26.0	27.0	28.0	29.0	30.0	31.0	32.0	33.0	34.0	35.0	36.0	37.0	38.0
SRR10141088_1_val_1	3.0	5.0	20.0	46.0	103.0	274.0	494.0	1021.0	1742.0	2744.0	4105.0	5356.0	6700.0	8885.0	11692.0	15216.0	21799.0	37741.0	116570.0	535020.0
	14.0	15.0	16.0	17.0	18.0	19.0	20.0	21.0	22.0	23.0	24.0	25.0	26.0	27.0	28.0	29.0	30.0	31.0	32.0	33.0	34.0	35.0	36.0	37.0	38.0
SRR10141088_2_val_2	1.0	23.0	87.0	235.0	405.0	636.0	788.0	825.0	998.0	1502.0	2238.0	3340.0	4648.0	5956.0	7314.0	8695.0	10085.0	12120.0	14513.0	18640.0	25175.0	36700.0	63528.0	184103.0	366981.0
	20.0	21.0	22.0	23.0	24.0	25.0	26.0	27.0	28.0	29.0	30.0	31.0	32.0	33.0	34.0	35.0	36.0	37.0	38.0
SRR10141089_1_val_1	5.0	20.0	39.0	85.0	263.0	503.0	900.0	1631.0	2481.0	3780.0	4681.0	5966.0	7725.0	10531.0	13611.0	19789.0	34052.0	105558.0	478281.0
	14.0	15.0	16.0	17.0	18.0	19.0	20.0	21.0	22.0	23.0	24.0	25.0	26.0	27.0	28.0	29.0	30.0	31.0	32.0	33.0	34.0	35.0	36.0	37.0	38.0
SRR10141089_2_val_2	4.0	17.0	89.0	181.0	282.0	464.0	625.0	666.0	872.0	1268.0	1815.0	2871.0	3924.0	5053.0	6082.0	7437.0	8619.0	10291.0	12566.0	16096.0	21944.0	31817.0	55131.0	161166.0	340621.0
	18.0	19.0	20.0	21.0	22.0	23.0	24.0	25.0	26.0	27.0	28.0	29.0	30.0	31.0	32.0	33.0	34.0	35.0	36.0	37.0	38.0
SRR10141090_1_val_1	1.0	2.0	8.0	13.0	30.0	87.0	227.0	480.0	957.0	1669.0	2509.0	3770.0	4846.0	6219.0	8441.0	10813.0	14659.0	21285.0	35654.0	96526.0	488277.0
	14.0	15.0	16.0	17.0	18.0	19.0	20.0	21.0	22.0	23.0	24.0	25.0	26.0	27.0	28.0	29.0	30.0	31.0	32.0	33.0	34.0	35.0	36.0	37.0	38.0
SRR10141090_2_val_2	1.0	6.0	31.0	81.0	170.0	436.0	623.0	636.0	733.0	1043.0	1463.0	2397.0	3236.0	4219.0	5214.0	6457.0	7772.0	9808.0	11948.0	15428.0	21360.0	31957.0	54673.0	150538.0	366243.0
	19.0	20.0	21.0	22.0	23.0	24.0	25.0	26.0	27.0	28.0	29.0	30.0	31.0	32.0	33.0	34.0	35.0	36.0	37.0	38.0
SRR10141091_1_val_1	5.0	7.0	34.0	79.0	189.0	444.0	865.0	1706.0	2904.0	4627.0	6407.0	8797.0	11104.0	13947.0	17458.0	22819.0	31772.0	51185.0	135655.0	410867.0
	14.0	15.0	16.0	17.0	18.0	19.0	20.0	21.0	22.0	23.0	24.0	25.0	26.0	27.0	28.0	29.0	30.0	31.0	32.0	33.0	34.0	35.0	36.0	37.0	38.0
SRR10141091_2_val_2	2.0	19.0	67.0	134.0	267.0	527.0	691.0	744.0	821.0	1160.0	1765.0	3070.0	4523.0	6138.0	7553.0	9590.0	11968.0	13747.0	17136.0	21688.0	28090.0	40266.0	67291.0	179581.0	304033.0
	16.0	17.0	18.0	19.0	20.0	21.0	22.0	23.0	24.0	25.0	26.0	27.0	28.0	29.0	30.0	31.0	32.0	33.0	34.0	35.0	36.0	37.0	38.0
SRR10141092_1_val_1	1.0	0.0	0.0	2.0	2.0	5.0	17.0	43.0	111.0	234.0	515.0	853.0	1373.0	2093.0	2966.0	3808.0	5083.0	6750.0	9659.0	13788.0	23724.0	71607.0	485878.0
	15.0	16.0	17.0	18.0	19.0	20.0	21.0	22.0	23.0	24.0	25.0	26.0	27.0	28.0	29.0	30.0	31.0	32.0	33.0	34.0	35.0	36.0	37.0	38.0
SRR10141092_2_val_2	4.0	18.0	44.0	91.0	186.0	272.0	292.0	359.0	462.0	776.0	1197.0	1668.0	2316.0	3037.0	3794.0	4536.0	5674.0	7240.0	9674.0	13255.0	19627.0	34986.0	106096.0	412908.0
	15.0	16.0	17.0	18.0	19.0	20.0	21.0	22.0	23.0	24.0	25.0	26.0	27.0	28.0	29.0	30.0	31.0	32.0	33.0	34.0	35.0	36.0	37.0	38.0
SRR10141093_1_val_1	2.0	1.0	1.0	1.0	0.0	5.0	5.0	21.0	40.0	88.0	227.0	476.0	825.0	1279.0	2001.0	2680.0	3396.0	4806.0	6609.0	9159.0	13179.0	22933.0	67446.0	462230.0
	15.0	16.0	17.0	18.0	19.0	20.0	21.0	22.0	23.0	24.0	25.0	26.0	27.0	28.0	29.0	30.0	31.0	32.0	33.0	34.0	35.0	36.0	37.0	38.0
SRR10141093_2_val_2	2.0	14.0	53.0	124.0	227.0	348.0	390.0	482.0	583.0	773.0	1324.0	1776.0	2386.0	3023.0	3788.0	4466.0	5794.0	7071.0	9331.0	12836.0	18956.0	33621.0	101170.0	388872.0
	17.0	18.0	19.0	20.0	21.0	22.0	23.0	24.0	25.0	26.0	27.0	28.0	29.0	30.0	31.0	32.0	33.0	34.0	35.0	36.0	37.0	38.0
SRR10141094_1_val_1	3.0	0.0	0.0	4.0	6.0	25.0	84.0	258.0	487.0	1137.0	2044.0	3463.0	5251.0	6635.0	8935.0	12013.0	15880.0	22105.0	31460.0	52191.0	140407.0	613033.0
	14.0	15.0	16.0	17.0	18.0	19.0	20.0	21.0	22.0	23.0	24.0	25.0	26.0	27.0	28.0	29.0	30.0	31.0	32.0	33.0	34.0	35.0	36.0	37.0	38.0
SRR10141094_2_val_2	2.0	11.0	44.0	110.0	296.0	661.0	1111.0	1489.0	2035.0	2904.0	4017.0	6108.0	8032.0	9860.0	11700.0	13351.0	15390.0	18022.0	21498.0	26770.0	34871.0	49462.0	82822.0	222431.0	382424.0
	16.0	17.0	18.0	19.0	20.0	21.0	22.0	23.0	24.0	25.0	26.0	27.0	28.0	29.0	30.0	31.0	32.0	33.0	34.0	35.0
SRR10141095_1_val_1	1.0	0.0	3.0	37.0	126.0	164.0	319.0	576.0	1218.0	2380.0	4929.0	8522.0	12856.0	18173.0	25193.0	37315.0	64719.0	146755.0	542291.0	503464.0
	13.0	14.0	15.0	16.0	17.0	18.0	19.0	20.0	21.0	22.0	23.0	24.0	25.0	26.0	27.0	28.0	29.0	30.0	31.0	32.0	33.0	34.0	35.0
SRR10141095_2_val_2	2.0	120.0	706.0	915.0	1070.0	1464.0	1810.0	1954.0	1950.0	2057.0	2648.0	3441.0	6154.0	9512.0	13050.0	16911.0	20847.0	27017.0	36051.0	54333.0	99572.0	281662.0	785795.0
	19.0	20.0	21.0	22.0	23.0	24.0	25.0	26.0	27.0	28.0	29.0	30.0	31.0	32.0	33.0	34.0	35.0	36.0	37.0	38.0
SRR10141096_1_val_1	1.0	4.0	19.0	75.0	207.0	527.0	1178.0	2209.0	3929.0	5928.0	8879.0	11429.0	14785.0	19559.0	25596.0	34782.0	50118.0	84780.0	228578.0	1097393.0
	14.0	15.0	16.0	17.0	18.0	19.0	20.0	21.0	22.0	23.0	24.0	25.0	26.0	27.0	28.0	29.0	30.0	31.0	32.0	33.0	34.0	35.0	36.0	37.0	38.0
SRR10141096_2_val_2	1.0	12.0	27.0	96.0	229.0	508.0	777.0	1002.0	1371.0	2094.0	3231.0	5510.0	7623.0	10230.0	12828.0	16107.0	18846.0	22881.0	28516.0	36551.0	48929.0	70914.0	120108.0	334250.0	847335.0
	17.0	18.0	19.0	20.0	21.0	22.0	23.0	24.0	25.0	26.0	27.0	28.0	29.0	30.0	31.0	32.0	33.0	34.0	35.0
SRR10141097_1_val_1	1.0	13.0	54.0	185.0	389.0	584.0	1033.0	1891.0	3669.0	6768.0	11305.0	16704.0	23248.0	31824.0	48807.0	87820.0	192131.0	525491.0	383072.0
	14.0	15.0	16.0	17.0	18.0	19.0	20.0	21.0	22.0	23.0	24.0	25.0	26.0	27.0	28.0	29.0	30.0	31.0	32.0	33.0	34.0	35.0
SRR10141097_2_val_2	61.0	433.0	720.0	851.0	1044.0	1247.0	1571.0	1837.0	2120.0	2861.0	4093.0	7202.0	10825.0	15160.0	20248.0	25944.0	33722.0	44722.0	67156.0	121183.0	309397.0	662592.0
	20.0	21.0	22.0	23.0	24.0	25.0	26.0	27.0	28.0	29.0	30.0	31.0	32.0	33.0	34.0	35.0	36.0	37.0	38.0
SRR10141098_1_val_1	3.0	6.0	18.0	36.0	100.0	205.0	333.0	607.0	1012.0	1522.0	2004.0	2602.0	3543.0	4820.0	6809.0	10056.0	17431.0	53601.0	410635.0
	14.0	15.0	16.0	17.0	18.0	19.0	20.0	21.0	22.0	23.0	24.0	25.0	26.0	27.0	28.0	29.0	30.0	31.0	32.0	33.0	34.0	35.0	36.0	37.0	38.0
SRR10141098_2_val_2	1.0	7.0	35.0	92.0	176.0	330.0	443.0	506.0	558.0	687.0	906.0	1533.0	2119.0	2669.0	3103.0	3782.0	4408.0	5326.0	6694.0	8464.0	11159.0	16285.0	26204.0	71837.0	348019.0
	16.0	17.0	18.0	19.0	20.0	21.0	22.0	23.0	24.0	25.0	26.0	27.0	28.0	29.0	30.0	31.0	32.0	33.0	34.0	35.0	36.0	37.0	38.0
SRR10141099_1_val_1	1.0	1.0	1.0	1.0	5.0	6.0	18.0	49.0	98.0	180.0	384.0	696.0	1058.0	1610.0	2211.0	2873.0	3901.0	5249.0	7232.0	10853.0	18963.0	57958.0	434770.0
	14.0	15.0	16.0	17.0	18.0	19.0	20.0	21.0	22.0	23.0	24.0	25.0	26.0	27.0	28.0	29.0	30.0	31.0	32.0	33.0	34.0	35.0	36.0	37.0	38.0
SRR10141099_2_val_2	1.0	10.0	48.0	127.0	349.0	861.0	1239.0	1089.0	1025.0	1152.0	1443.0	2145.0	2882.0	3468.0	4073.0	4749.0	5550.0	6428.0	7943.0	10149.0	13404.0	19088.0	30371.0	82014.0	348510.0
	18.0	19.0	20.0	21.0	22.0	23.0	24.0	25.0	26.0	27.0	28.0	29.0	30.0	31.0	32.0	33.0	34.0	35.0	36.0	37.0	38.0
SRR10141100_1_val_1	1.0	1.0	2.0	11.0	16.0	18.0	77.0	180.0	308.0	611.0	891.0	1507.0	1945.0	2713.0	3568.0	4876.0	6884.0	10301.0	17720.0	53961.0	410881.0
	15.0	16.0	17.0	18.0	19.0	20.0	21.0	22.0	23.0	24.0	25.0	26.0	27.0	28.0	29.0	30.0	31.0	32.0	33.0	34.0	35.0	36.0	37.0	38.0
SRR10141100_2_val_2	24.0	45.0	126.0	296.0	560.0	754.0	743.0	863.0	1106.0	1463.0	2325.0	3014.0	3632.0	4281.0	4920.0	5796.0	6746.0	8086.0	10440.0	13342.0	19056.0	29882.0	80955.0	318017.0
	20.0	21.0	22.0	23.0	24.0	25.0	26.0	27.0	28.0	29.0	30.0	31.0	32.0	33.0	34.0	35.0	36.0	37.0	38.0
SRR10141101_1_val_1	3.0	6.0	27.0	81.0	183.0	426.0	821.0	1383.0	2330.0	3404.0	4375.0	5879.0	7785.0	10387.0	14048.0	20320.0	34522.0	99044.0	535852.0
	15.0	16.0	17.0	18.0	19.0	20.0	21.0	22.0	23.0	24.0	25.0	26.0	27.0	28.0	29.0	30.0	31.0	32.0	33.0	34.0	35.0	36.0	37.0	38.0
SRR10141101_2_val_2	14.0	52.0	135.0	240.0	485.0	622.0	649.0	723.0	1030.0	1517.0	2579.0	3477.0	4229.0	5208.0	6554.0	7604.0	9075.0	11340.0	14577.0	19307.0	27532.0	47430.0	136381.0	440116.0
	19.0	20.0	21.0	22.0	23.0	24.0	25.0	26.0	27.0	28.0	29.0	30.0	31.0	32.0	33.0	34.0	35.0	36.0	37.0	38.0
SRR10141102_1_val_1	2.0	2.0	3.0	24.0	81.0	182.0	389.0	810.0	1498.0	2234.0	3391.0	4444.0	5770.0	7793.0	10378.0	14275.0	20717.0	34987.0	98204.0	538611.0
	15.0	16.0	17.0	18.0	19.0	20.0	21.0	22.0	23.0	24.0	25.0	26.0	27.0	28.0	29.0	30.0	31.0	32.0	33.0	34.0	35.0	36.0	37.0	38.0
SRR10141102_2_val_2	9.0	22.0	81.0	131.0	235.0	379.0	424.0	506.0	873.0	1263.0	2022.0	2813.0	3774.0	4627.0	5841.0	7008.0	8565.0	10575.0	13682.0	18407.0	26740.0	46172.0	133204.0	456442.0
	20.0	21.0	22.0	23.0	24.0	25.0	26.0	27.0	28.0	29.0	30.0	31.0	32.0	33.0	34.0	35.0	36.0	37.0	38.0
SRR10141103_1_val_1	3.0	5.0	15.0	60.0	133.0	354.0	736.0	1311.0	2027.0	3060.0	4062.0	5599.0	7220.0	9716.0	13155.0	19003.0	32428.0	91278.0	489819.0
	13.0	14.0	15.0	16.0	17.0	18.0	19.0	20.0	21.0	22.0	23.0	24.0	25.0	26.0	27.0	28.0	29.0	30.0	31.0	32.0	33.0	34.0	35.0	36.0	37.0	38.0
SRR10141103_2_val_2	1.0	0.0	3.0	28.0	64.0	150.0	341.0	444.0	464.0	564.0	913.0	1237.0	2082.0	2893.0	3839.0	4736.0	5794.0	6999.0	8295.0	10102.0	12919.0	17575.0	25131.0	43114.0	122597.0	409699.0
	17.0	18.0	19.0	20.0	21.0	22.0	23.0	24.0	25.0	26.0	27.0	28.0	29.0	30.0	31.0	32.0	33.0	34.0	35.0
SRR10141104_1_val_1	1.0	8.0	64.0	198.0	510.0	1032.0	1788.0	3558.0	6980.0	12877.0	22239.0	33171.0	46376.0	63676.0	92507.0	146519.0	252649.0	473761.0	238145.0
	14.0	15.0	16.0	17.0	18.0	19.0	20.0	21.0	22.0	23.0	24.0	25.0	26.0	27.0	28.0	29.0	30.0	31.0	32.0	33.0	34.0	35.0
SRR10141104_2_val_2	50.0	407.0	612.0	876.0	1259.0	1732.0	2224.0	2694.0	3509.0	4825.0	7185.0	12080.0	19010.0	27204.0	36344.0	47415.0	61775.0	82436.0	120281.0	194462.0	377731.0	391948.0
	17.0	18.0	19.0	20.0	21.0	22.0	23.0	24.0	25.0	26.0	27.0	28.0	29.0	30.0	31.0	32.0	33.0	34.0	35.0
SRR10141105_1_val_1	2.0	8.0	30.0	126.0	545.0	1247.0	2550.0	5410.0	11706.0	23564.0	41434.0	63552.0	89873.0	124521.0	178865.0	284775.0	526210.0	1118161.0	488269.0
	14.0	15.0	16.0	17.0	18.0	19.0	20.0	21.0	22.0	23.0	24.0	25.0	26.0	27.0	28.0	29.0	30.0	31.0	32.0	33.0	34.0	35.0
SRR10141105_2_val_2	78.0	676.0	1306.0	1879.0	2484.0	3104.0	3470.0	3978.0	4823.0	6896.0	10640.0	19391.0	32377.0	47717.0	64936.0	84843.0	110431.0	149062.0	218671.0	372827.0	845705.0	975554.0
	19.0	20.0	21.0	22.0	23.0	24.0	25.0	26.0	27.0	28.0	29.0	30.0	31.0	32.0	33.0	34.0	35.0	36.0	37.0	38.0
SRR10141106_1_val_1	1.0	2.0	8.0	13.0	37.0	109.0	295.0	557.0	1038.0	1694.0	2594.0	3360.0	4424.0	5941.0	7970.0	11021.0	15799.0	26492.0	75133.0	417862.0
	14.0	15.0	16.0	17.0	18.0	19.0	20.0	21.0	22.0	23.0	24.0	25.0	26.0	27.0	28.0	29.0	30.0	31.0	32.0	33.0	34.0	35.0	36.0	37.0	38.0
SRR10141106_2_val_2	1.0	3.0	20.0	63.0	125.0	270.0	362.0	420.0	489.0	718.0	1108.0	1750.0	2522.0	3157.0	3968.0	4887.0	5867.0	6951.0	8424.0	10880.0	14340.0	20777.0	35382.0	99418.0	352448.0
	18.0	19.0	20.0	21.0	22.0	23.0	24.0	25.0	26.0	27.0	28.0	29.0	30.0	31.0	32.0	33.0	34.0	35.0
SRR10141107_1_val_1	6.0	14.0	49.0	132.0	302.0	892.0	2501.0	6123.0	12983.0	23891.0	37222.0	51959.0	70973.0	101511.0	159205.0	287765.0	502262.0	195256.0
	13.0	14.0	15.0	16.0	17.0	18.0	19.0	20.0	21.0	22.0	23.0	24.0	25.0	26.0	27.0	28.0	29.0	30.0	31.0	32.0	33.0	34.0	35.0
SRR10141107_2_val_2	1.0	27.0	335.0	640.0	704.0	682.0	665.0	795.0	1130.0	1774.0	3160.0	5964.0	11891.0	21573.0	33672.0	48486.0	65120.0	88349.0	124756.0	191709.0	315580.0	422015.0	114018.0
	17.0	18.0	19.0	20.0	21.0	22.0	23.0	24.0	25.0	26.0	27.0	28.0	29.0	30.0	31.0	32.0	33.0	34.0	35.0
SRR10141108_1_val_1	2.0	4.0	55.0	147.0	175.0	282.0	633.0	1322.0	2458.0	4484.0	7894.0	11902.0	16992.0	24962.0	40358.0	78636.0	205549.0	560044.0	213745.0
	7.0	8.0	9.0	10.0	11.0	12.0	13.0	14.0	15.0	16.0	17.0	18.0	19.0	20.0	21.0	22.0	23.0	24.0	25.0	26.0	27.0	28.0	29.0	30.0	31.0	32.0	33.0	34.0	35.0
SRR10141108_2_val_2	1.0	2.0	3.0	4.0	5.0	5.0	7.0	68.0	269.0	400.0	514.0	742.0	881.0	1005.0	1072.0	1255.0	1557.0	2309.0	4168.0	6895.0	9745.0	13095.0	17072.0	22455.0	30690.0	48623.0	93217.0	289677.0	623908.0
	18.0	19.0	20.0	21.0	22.0	23.0	24.0	25.0	26.0	27.0	28.0	29.0	30.0	31.0	32.0	33.0	34.0	35.0
SRR10141109_1_val_1	2.0	45.0	118.0	145.0	261.0	552.0	1119.0	2009.0	3956.0	6950.0	10053.0	14627.0	21433.0	35346.0	70010.0	185295.0	495444.0	182342.0
	8.0	9.0	10.0	11.0	12.0	13.0	14.0	15.0	16.0	17.0	18.0	19.0	20.0	21.0	22.0	23.0	24.0	25.0	26.0	27.0	28.0	29.0	30.0	31.0	32.0	33.0	34.0	35.0
SRR10141109_2_val_2	2.0	3.0	2.0	5.0	4.0	2.0	43.0	218.0	308.0	428.0	608.0	683.0	854.0	936.0	1055.0	1366.0	2008.0	3610.0	5817.0	8314.0	11381.0	14889.0	19830.0	27337.0	43055.0	83798.0	259636.0	543515.0
	13.0	14.0	15.0	16.0	17.0	18.0	19.0	20.0	21.0	22.0	23.0	24.0	25.0	26.0	27.0	28.0	29.0	30.0	31.0	32.0	33.0	34.0	35.0	36.0	37.0	38.0	39.0
SRR10141110_1_val_1	1.0	0.0	2.0	2.0	2.0	1.0	4.0	3.0	4.0	17.0	38.0	91.0	203.0	449.0	827.0	1426.0	2103.0	2912.0	4034.0	5110.0	6646.0	8697.0	11846.0	16754.0	27867.0	67782.0	402237.0
	16.0	17.0	18.0	19.0	20.0	21.0	22.0	23.0	24.0	25.0	26.0	27.0	28.0	29.0	30.0	31.0	32.0	33.0	34.0	35.0	36.0	37.0	38.0	39.0
SRR10141110_2_val_2	7.0	18.0	10.0	40.0	64.0	97.0	147.0	253.0	471.0	765.0	1424.0	1995.0	2519.0	3321.0	4101.0	5353.0	6765.0	8751.0	11553.0	16028.0	23793.0	40424.0	107673.0	323486.0
	16.0	17.0	18.0	19.0	20.0	21.0	22.0	23.0	24.0	25.0	26.0	27.0	28.0	29.0	30.0	31.0	32.0	33.0	34.0	35.0	36.0	37.0	38.0
SRR10141111_1_val_1	5.0	4.0	7.0	6.0	11.0	14.0	25.0	57.0	116.0	228.0	467.0	761.0	1203.0	2016.0	2736.0	3659.0	5020.0	6774.0	9748.0	14321.0	25131.0	75554.0	435496.0
	15.0	16.0	17.0	18.0	19.0	20.0	21.0	22.0	23.0	24.0	25.0	26.0	27.0	28.0	29.0	30.0	31.0	32.0	33.0	34.0	35.0	36.0	37.0	38.0
SRR10141111_2_val_2	2.0	29.0	74.0	150.0	259.0	343.0	423.0	545.0	783.0	1106.0	1790.0	2597.0	3336.0	4171.0	5183.0	6248.0	7444.0	9374.0	12127.0	15610.0	21886.0	35536.0	99640.0	354703.0
	20.0	21.0	22.0	23.0	24.0	25.0	26.0	27.0	28.0	29.0	30.0	31.0	32.0	33.0	34.0	35.0	36.0	37.0	38.0
SRR10141112_1_val_1	5.0	2.0	24.0	58.0	152.0	279.0	492.0	870.0	1265.0	1927.0	2509.0	3151.0	3873.0	5037.0	7060.0	9885.0	16761.0	57098.0	344045.0
	14.0	15.0	16.0	17.0	18.0	19.0	20.0	21.0	22.0	23.0	24.0	25.0	26.0	27.0	28.0	29.0	30.0	31.0	32.0	33.0	34.0	35.0	36.0	37.0	38.0
SRR10141112_2_val_2	2.0	9.0	19.0	63.0	150.0	209.0	276.0	369.0	514.0	595.0	852.0	1275.0	1789.0	2110.0	2486.0	3149.0	3659.0	4472.0	5579.0	6922.0	9175.0	13186.0	23104.0	73091.0	301438.0
	18.0	19.0	20.0	21.0	22.0	23.0	24.0	25.0	26.0	27.0	28.0	29.0	30.0	31.0	32.0	33.0	34.0	35.0	36.0	37.0	38.0
SRR10141113_1_val_1	1.0	1.0	2.0	2.0	5.0	20.0	44.0	89.0	140.0	235.0	339.0	606.0	830.0	875.0	1024.0	1343.0	1941.0	2861.0	5185.0	21677.0	228872.0
	16.0	17.0	18.0	19.0	20.0	21.0	22.0	23.0	24.0	25.0	26.0	27.0	28.0	29.0	30.0	31.0	32.0	33.0	34.0	35.0	36.0	37.0	38.0
SRR10141113_2_val_2	7.0	17.0	47.0	67.0	75.0	71.0	77.0	111.0	113.0	226.0	349.0	488.0	621.0	817.0	876.0	1127.0	1484.0	1954.0	2581.0	3782.0	7452.0	27585.0	216165.0
	17.0	18.0	19.0	20.0	21.0	22.0	23.0	24.0	25.0	26.0	27.0	28.0	29.0	30.0	31.0	32.0	33.0	34.0	35.0	36.0	37.0	38.0
SRR10141114_1_val_1	1.0	1.0	0.0	0.0	0.0	6.0	32.0	48.0	103.0	132.0	155.0	280.0	436.0	702.0	1004.0	1222.0	1533.0	1899.0	2717.0	4669.0	18496.0	182996.0
	14.0	15.0	16.0	17.0	18.0	19.0	20.0	21.0	22.0	23.0	24.0	25.0	26.0	27.0	28.0	29.0	30.0	31.0	32.0	33.0	34.0	35.0	36.0	37.0	38.0
SRR10141114_2_val_2	1.0	4.0	13.0	23.0	34.0	52.0	56.0	61.0	82.0	83.0	136.0	207.0	337.0	471.0	562.0	756.0	1104.0	1426.0	1478.0	2024.0	2721.0	4037.0	6933.0	24899.0	168932.0
	15.0	16.0	17.0	18.0	19.0	20.0	21.0	22.0	23.0	24.0	25.0	26.0	27.0	28.0	29.0	30.0	31.0	32.0	33.0	34.0	35.0	36.0	37.0	38.0
SRR10141115_1_val_1	1.0	0.0	0.0	1.0	2.0	3.0	5.0	12.0	22.0	75.0	109.0	253.0	379.0	585.0	927.0	1303.0	1748.0	2296.0	2979.0	4516.0	6480.0	11266.0	35047.0	274805.0
	14.0	15.0	16.0	17.0	18.0	19.0	20.0	21.0	22.0	23.0	24.0	25.0	26.0	27.0	28.0	29.0	30.0	31.0	32.0	33.0	34.0	35.0	36.0	37.0	38.0
SRR10141115_2_val_2	1.0	2.0	10.0	26.0	70.0	149.0	240.0	276.0	326.0	425.0	570.0	874.0	1094.0	1403.0	1697.0	1985.0	2267.0	2722.0	3341.0	4156.0	5573.0	8258.0	15038.0	45618.0	246693.0
	18.0	19.0	20.0	21.0	22.0	23.0	24.0	25.0	26.0	27.0	28.0	29.0	30.0	31.0	32.0	33.0	34.0	35.0
SRR10141116_1_val_1	9.0	79.0	295.0	677.0	1387.0	2544.0	5010.0	9948.0	19515.0	34758.0	53959.0	76945.0	106336.0	151994.0	227791.0	343027.0	419880.0	136128.0
	13.0	14.0	15.0	16.0	17.0	18.0	19.0	20.0	21.0	22.0	23.0	24.0	25.0	26.0	27.0	28.0	29.0	30.0	31.0	32.0	33.0	34.0	35.0
SRR10141116_2_val_2	1.0	30.0	257.0	402.0	581.0	805.0	992.0	1418.0	2105.0	3279.0	5288.0	8255.0	14745.0	24756.0	38374.0	53263.0	71412.0	95043.0	129734.0	188040.0	296530.0	452674.0	202298.0
	17.0	18.0	19.0	20.0	21.0	22.0	23.0	24.0	25.0	26.0	27.0	28.0	29.0	30.0	31.0	32.0	33.0	34.0	35.0
SRR10141117_1_val_1	2.0	18.0	63.0	329.0	643.0	1193.0	2084.0	4153.0	7856.0	15376.0	27624.0	43050.0	61656.0	85559.0	122760.0	182211.0	273157.0	335937.0	108180.0
	14.0	15.0	16.0	17.0	18.0	19.0	20.0	21.0	22.0	23.0	24.0	25.0	26.0	27.0	28.0	29.0	30.0	31.0	32.0	33.0	34.0	35.0
SRR10141117_2_val_2	32.0	190.0	369.0	456.0	671.0	878.0	1176.0	1769.0	2795.0	4496.0	6911.0	12028.0	20129.0	30804.0	43224.0	57767.0	77107.0	106000.0	152063.0	237992.0	355417.0	159577.0
	17.0	18.0	19.0	20.0	21.0	22.0	23.0	24.0	25.0	26.0	27.0	28.0	29.0	30.0	31.0	32.0	33.0	34.0	35.0
SRR10141118_1_val_1	1.0	4.0	22.0	98.0	206.0	439.0	1036.0	2603.0	5950.0	12324.0	22512.0	34806.0	49841.0	68076.0	97292.0	146695.0	234320.0	310622.0	94109.0
	14.0	15.0	16.0	17.0	18.0	19.0	20.0	21.0	22.0	23.0	24.0	25.0	26.0	27.0	28.0	29.0	30.0	31.0	32.0	33.0	34.0	35.0
SRR10141118_2_val_2	15.0	79.0	128.0	183.0	257.0	354.0	487.0	835.0	1368.0	2518.0	4589.0	9078.0	16275.0	24993.0	35681.0	48041.0	63574.0	86901.0	127098.0	201831.0	316490.0	140181.0
	19.0	20.0	21.0	22.0	23.0	24.0	25.0	26.0	27.0	28.0	29.0	30.0	31.0	32.0	33.0	34.0	35.0	36.0	37.0	38.0
SRR10141119_1_val_1	1.0	2.0	12.0	33.0	89.0	226.0	537.0	1134.0	2067.0	3227.0	5053.0	6811.0	8559.0	11620.0	15248.0	20519.0	29663.0	50281.0	142366.0	998899.0
	15.0	16.0	17.0	18.0	19.0	20.0	21.0	22.0	23.0	24.0	25.0	26.0	27.0	28.0	29.0	30.0	31.0	32.0	33.0	34.0	35.0	36.0	37.0	38.0
SRR10141119_2_val_2	13.0	64.0	177.0	346.0	562.0	706.0	806.0	970.0	1411.0	2013.0	3394.0	4568.0	6085.0	7601.0	9308.0	11251.0	13248.0	16185.0	20547.0	27524.0	40043.0	67904.0	190747.0	870874.0

