	52	57	62	67	72	77	82	87	92	97	102	107	112	117	122	127	132	137	142	147	151
SRR10141021_1_val_1	2218.0	2187.0	2293.0	2357.0	2237.0	2313.0	2432.0	2388.0	2667.0	2670.0	3040.0	3106.0	3703.0	4366.0	4205.0	6728.0	10148.0	22865.0	61536.0	397120.0	1236844.0
	52	57	62	67	72	77	82	87	92	97	102	107	112	117	122	127	132	137	142	147	151
SRR10141021_2_val_2	3279.0	3414.0	3327.0	3478.0	3413.0	3706.0	3839.0	4043.0	4578.0	5035.0	5447.0	6024.0	6336.0	6805.0	7422.0	8475.0	10755.0	26102.0	71265.0	440504.0	1150176.0
	52	57	62	67	72	77	82	87	92	97	102	107	112	117	122	127	132	137	142	147	151
SRR10141022_1_val_1	1529.0	1560.0	1638.0	1655.0	1656.0	1792.0	1850.0	1828.0	2206.0	2257.0	2670.0	2822.0	3265.0	3763.0	4305.0	6236.0	8922.0	19503.0	50570.0	312539.0	898808.0
	52	57	62	67	72	77	82	87	92	97	102	107	112	117	122	127	132	137	142	147	151
SRR10141022_2_val_2	2218.0	2249.0	2320.0	2343.0	2299.0	2398.0	2475.0	2612.0	2903.0	3185.0	3518.0	3743.0	3903.0	4197.0	4582.0	5106.0	6295.0	16241.0	47899.0	308407.0	902481.0
	52	57	62	67	72	77	82	87	92	97	102	107	112	117	122	127	132	137	142	147	151
SRR10141023_1_val_1	2009.0	1976.0	2074.0	2145.0	2018.0	2265.0	2487.0	2952.0	3727.0	4893.0	6789.0	9658.0	13450.0	17976.0	23141.0	27507.0	32663.0	38217.0	46682.0	260027.0	957951.0
	52	57	62	67	72	77	82	87	92	97	102	107	112	117	122	127	132	137	142	147	151
SRR10141023_2_val_2	2534.0	2458.0	2539.0	2590.0	2520.0	2677.0	2914.0	3486.0	4318.0	5620.0	7569.0	10527.0	14099.0	18447.0	23678.0	28117.0	33622.0	39372.0	50245.0	284118.0	919157.0
	52	57	62	67	72	77	82	87	92	97	102	107	112	117	122	127	132	137	142	147	151
SRR10141024_1_val_1	1749.0	1759.0	1733.0	1865.0	1942.0	2267.0	2689.0	3530.0	4697.0	6335.0	8429.0	10962.0	13833.0	17266.0	20329.0	23490.0	26793.0	31197.0	39743.0	239834.0	877693.0
	52	57	62	67	72	77	82	87	92	97	102	107	112	117	122	127	132	137	142	147	151
SRR10141024_2_val_2	2902.0	2827.0	2868.0	2817.0	2902.0	3216.0	3684.0	4322.0	5687.0	7520.0	9477.0	12274.0	14972.0	18382.0	21312.0	24157.0	27725.0	32224.0	42955.0	249592.0	846320.0
	52	57	62	67	72	77	82	87	92	97	102	107	112	117	122	127	132	137	142	147	151
SRR10141025_1_val_1	2170.0	2224.0	2198.0	2200.0	2183.0	2361.0	2623.0	2969.0	3676.0	4897.0	6950.0	10282.0	14210.0	18829.0	23882.0	28470.0	32483.0	37786.0	46330.0	269485.0	962573.0
	52	57	62	67	72	77	82	87	92	97	102	107	112	117	122	127	132	137	142	147	151
SRR10141025_2_val_2	2594.0	2531.0	2582.0	2602.0	2683.0	2821.0	3151.0	3441.0	4399.0	5588.0	7853.0	11112.0	14730.0	19373.0	24474.0	29046.0	33067.0	38928.0	49899.0	294315.0	923592.0
	52	57	62	67	72	77	82	87	92	97	102	107	112	117	122	127	132	137	142	147	151
SRR10141026_1_val_1	2938.0	2716.0	2814.0	2889.0	2908.0	3225.0	3673.0	4512.0	5698.0	8398.0	12234.0	17259.0	23678.0	30849.0	37213.0	43328.0	47214.0	53498.0	63320.0	328362.0	1161527.0
	52	57	62	67	72	77	82	87	92	97	102	107	112	117	122	127	132	137	142	147	151
SRR10141026_2_val_2	3243.0	3326.0	3053.0	3197.0	3273.0	3614.0	4005.0	4926.0	6407.0	9056.0	13101.0	18181.0	24227.0	31546.0	37767.0	43786.0	47987.0	54546.0	67514.0	367000.0	1108498.0
	52	57	62	67	72	77	82	87	92	97	102	107	112	117	122	127	132	137	142	147	151
SRR10141027_1_val_1	2259.0	2255.0	2251.0	2218.0	2186.0	2531.0	2647.0	2652.0	3025.0	3213.0	3556.0	3927.0	4426.0	5005.0	5625.0	7089.0	10174.0	25077.0	71823.0	485071.0	1381891.0
	52	57	62	67	72	77	82	87	92	97	102	107	112	117	122	127	132	137	142	147	151
SRR10141027_2_val_2	2760.0	2847.0	2883.0	2886.0	2946.0	3141.0	3147.0	3310.0	3693.0	4102.0	4565.0	5000.0	5489.0	5885.0	6649.0	7310.0	9195.0	23955.0	71919.0	484890.0	1372329.0
	52	57	62	67	72	77	82	87	92	97	102	107	112	117	122	127	132	137	142	147	151
SRR10141028_1_val_1	1668.0	1710.0	1814.0	1811.0	2028.0	2509.0	3240.0	4336.0	6170.0	8163.0	10786.0	14053.0	16974.0	19995.0	22790.0	25530.0	27788.0	31076.0	38882.0	228756.0	830173.0
	52	57	62	67	72	77	82	87	92	97	102	107	112	117	122	127	132	137	142	147	151
SRR10141028_2_val_2	2564.0	2574.0	2551.0	2587.0	2750.0	3349.0	4038.0	5156.0	7012.0	9279.0	11808.0	14965.0	17827.0	20816.0	23806.0	26148.0	28342.0	31928.0	41928.0	239763.0	801061.0
	52	57	62	67	72	77	82	87	92	97	102	107	112	117	122	127	132	137	142	147	151
SRR10141029_1_val_1	2328.0	2360.0	2436.0	2439.0	2418.0	2891.0	3394.0	4417.0	6213.0	9243.0	13759.0	19405.0	25499.0	31200.0	36113.0	40620.0	44182.0	49338.0	61742.0	339940.0	1130498.0
	52	57	62	67	72	77	82	87	92	97	102	107	112	117	122	127	132	137	142	147	151
SRR10141029_2_val_2	3289.0	3487.0	3204.0	3232.0	3403.0	3600.0	4176.0	5351.0	7398.0	10468.0	15018.0	20637.0	26597.0	32337.0	37382.0	41474.0	45234.0	50816.0	65220.0	359240.0	1088872.0
	52	57	62	67	72	77	82	87	92	97	102	107	112	117	122	127	132	137	142	147	151
SRR10141030_1_val_1	339.0	326.0	307.0	254.0	353.0	444.0	544.0	790.0	1209.0	1424.0	1902.0	4187.0	12652.0	4868.0	8854.0	12893.0	34694.0	21211.0	27380.0	52405.0	213090.0
	52	57	62	67	72	77	82	87	92	97	102	107	112	117	122	127	132	137	142	147	151
SRR10141030_2_val_2	414.0	390.0	396.0	369.0	419.0	560.0	689.0	891.0	1279.0	1555.0	1993.0	4337.0	12811.0	5041.0	9045.0	13031.0	34676.0	21274.0	28141.0	56242.0	206573.0
	52	57	62	67	72	77	82	87	92	97	102	107	112	117	122	127	132	137	142	147	151
SRR10141031_1_val_1	1921.0	1970.0	1901.0	1838.0	1928.0	2172.0	2411.0	2756.0	3624.0	5205.0	7645.0	11162.0	15417.0	20346.0	24613.0	28182.0	31949.0	35446.0	41848.0	201949.0	757983.0
	52	57	62	67	72	77	82	87	92	97	102	107	112	117	122	127	132	137	142	147	151
SRR10141031_2_val_2	2683.0	2772.0	2699.0	2705.0	2576.0	2748.0	2948.0	3576.0	4402.0	5983.0	8676.0	12211.0	16435.0	21412.0	25843.0	29719.0	33478.0	37543.0	46565.0	221372.0	715920.0
	52	57	62	67	72	77	82	87	92	97	102	107	112	117	122	127	132	137	142	147	151
SRR10141032_1_val_1	2999.0	3003.0	3064.0	3234.0	3174.0	3407.0	4024.0	4932.0	6815.0	9757.0	14483.0	20362.0	28138.0	35814.0	42419.0	48885.0	54209.0	60013.0	74023.0	325500.0	1007476.0
	52	57	62	67	72	77	82	87	92	97	102	107	112	117	122	127	132	137	142	147	151
SRR10141032_2_val_2	4730.0	4888.0	5110.0	5169.0	5321.0	5779.0	6750.0	7806.0	9990.0	13647.0	18556.0	24903.0	32589.0	40388.0	47271.0	53881.0	59726.0	67002.0	87389.0	352806.0	902030.0
	52	57	62	67	72	77	82	87	92	97	102	107	112	117	122	127	132	137	142	147	151
SRR10141033_1_val_1	454.0	485.0	571.0	765.0	810.0	919.0	1441.0	2395.0	4081.0	6535.0	10585.0	15740.0	21239.0	26853.0	31787.0	35753.0	38615.0	40554.0	42918.0	246644.0	824416.0
	52	57	62	67	72	77	82	87	92	97	102	107	112	117	122	127	132	137	142	147	151
SRR10141033_2_val_2	581.0	560.0	615.0	714.0	796.0	965.0	1410.0	2462.0	4161.0	6681.0	10681.0	15964.0	21320.0	26994.0	32093.0	35854.0	38984.0	41030.0	43977.0	253870.0	813848.0
	52	57	62	67	72	77	82	87	92	97	102	107	112	117	122	127	132	137	142	147	151
SRR10141034_1_val_1	377.0	409.0	515.0	548.0	615.0	790.0	1110.0	1753.0	2963.0	5056.0	7905.0	11986.0	16560.0	20862.0	25187.0	28838.0	31015.0	32527.0	35063.0	211302.0	718063.0
	52	57	62	67	72	77	82	87	92	97	102	107	112	117	122	127	132	137	142	147	151
SRR10141034_2_val_2	453.0	462.0	486.0	522.0	596.0	787.0	1123.0	1885.0	2993.0	5184.0	8057.0	12016.0	16635.0	20984.0	25541.0	28866.0	31199.0	33019.0	35874.0	215815.0	710947.0
	52	57	62	67	72	77	82	87	92	97	102	107	112	117	122	127	132	137	142	147	151
SRR10141035_1_val_1	1834.0	1920.0	1870.0	1945.0	1885.0	2030.0	2314.0	2465.0	3378.0	4633.0	6732.0	9966.0	13873.0	18324.0	22747.0	26741.0	30341.0	34416.0	42046.0	202891.0	748735.0
	52	57	62	67	72	77	82	87	92	97	102	107	112	117	122	127	132	137	142	147	151
SRR10141035_2_val_2	2619.0	2814.0	2853.0	2731.0	2693.0	2818.0	2927.0	3249.0	4140.0	5500.0	7547.0	10845.0	14681.0	19225.0	23995.0	28408.0	32436.0	37856.0	48031.0	225068.0	700650.0
	52	57	62	67	72	77	82	87	92	97	102	107	112	117	122	127	132	137	142	147	151
SRR10141036_1_val_1	3393.0	3475.0	3421.0	3571.0	3552.0	3998.0	4898.0	6426.0	9459.0	14095.0	22032.0	32272.0	44235.0	57374.0	67825.0	77321.0	84423.0	92257.0	104579.0	373138.0	1146522.0
	52	57	62	67	72	77	82	87	92	97	102	107	112	117	122	127	132	137	142	147	151
SRR10141036_2_val_2	4540.0	4443.0	4703.0	4566.0	4609.0	5090.0	5820.0	7600.0	10492.0	15042.0	22844.0	33145.0	45018.0	58238.0	69173.0	79030.0	86063.0	94092.0	109546.0	394863.0	1099349.0
	52	57	62	67	72	77	82	87	92	97	102	107	112	117	122	127	132	137	142	147	151
SRR10141037_1_val_1	3037.0	3123.0	3179.0	3193.0	3081.0	3484.0	3722.0	4238.0	5557.0	7776.0	11479.0	16692.0	23226.0	30828.0	38236.0	44899.0	50930.0	57506.0	70436.0	345369.0	1256385.0
	52	57	62	67	72	77	82	87	92	97	102	107	112	117	122	127	132	137	142	147	151
SRR10141037_2_val_2	4169.0	4207.0	4098.0	4048.0	3924.0	4103.0	4592.0	5253.0	6322.0	8511.0	12322.0	17507.0	24039.0	31840.0	39395.0	46035.0	52217.0	58778.0	72808.0	361169.0	1221039.0
	52	57	62	67	72	77	82	87	92	97	102	107	112	117	122	127	132	137	142	147	151
SRR10141038_1_val_1	3788.0	3745.0	3760.0	3748.0	3855.0	4196.0	4639.0	5704.0	7910.0	11121.0	16673.0	24418.0	33485.0	43611.0	52821.0	61542.0	68089.0	75817.0	88650.0	388730.0	1351200.0
	52	57	62	67	72	77	82	87	92	97	102	107	112	117	122	127	132	137	142	147	151
SRR10141038_2_val_2	4655.0	4649.0	4400.0	4671.0	4406.0	4752.0	5413.0	6478.0	8570.0	11843.0	17403.0	25249.0	34263.0	44292.0	53834.0	62663.0	68926.0	76419.0	90890.0	400304.0	1323422.0
	52	57	62	67	72	77	82	87	92	97	102	107	112	117	122	127	132	137	142	147	151
SRR10141039_1_val_1	495.0	534.0	514.0	576.0	651.0	789.0	1022.0	1608.0	2575.0	4341.0	7196.0	11001.0	15696.0	20709.0	25527.0	29920.0	33208.0	35615.0	38683.0	137450.0	750546.0
	52	57	62	67	72	77	82	87	92	97	102	107	112	117	122	127	132	137	142	147	151
SRR10141039_2_val_2	891.0	916.0	873.0	871.0	925.0	1063.0	1334.0	1988.0	2934.0	4773.0	7623.0	11424.0	16161.0	21019.0	26024.0	30482.0	33801.0	36393.0	40673.0	151269.0	727219.0
	52	57	62	67	72	77	82	87	92	97	102	107	112	117	122	127	132	137	142	147	151
SRR10141040_1_val_1	653.0	733.0	729.0	760.0	858.0	975.0	1321.0	1996.0	3274.0	5226.0	8209.0	12337.0	16682.0	21593.0	26232.0	30205.0	32570.0	35559.0	38652.0	176964.0	1054018.0
	52	57	62	67	72	77	82	87	92	97	102	107	112	117	122	127	132	137	142	147	151
SRR10141040_2_val_2	1047.0	1098.0	1027.0	998.0	1271.0	1327.0	1643.0	2370.0	3582.0	5659.0	8714.0	12840.0	17185.0	21868.0	26627.0	30709.0	33163.0	36471.0	40821.0	194058.0	1027068.0
	52	57	62	67	72	77	82	87	92	97	102	107	112	117	122	127	132	137	142	147	151
SRR10141041_1_val_1	1030.0	851.0	851.0	608.0	838.0	951.0	1121.0	1286.0	1894.0	2298.0	2891.0	6575.0	20553.0	7044.0	11861.0	21346.0	46091.0	34133.0	44131.0	87685.0	370082.0
	52	57	62	67	72	77	82	87	92	97	102	107	112	117	122	127	132	137	142	147	151
SRR10141041_2_val_2	1088.0	969.0	1030.0	846.0	1139.0	1171.0	1357.0	1403.0	2000.0	2449.0	3061.0	6796.0	20841.0	7284.0	12223.0	21551.0	46095.0	34200.0	44764.0	92982.0	360871.0
	52	57	62	67	72	77	82	87	92	97	102	107	112	117	122	127	132	137	142	147	151
SRR10141042_1_val_1	440.0	462.0	480.0	530.0	553.0	767.0	1000.0	1680.0	2430.0	4233.0	6629.0	10322.0	15007.0	20112.0	24504.0	29008.0	31443.0	34382.0	36746.0	118649.0	633435.0
	52	57	62	67	72	77	82	87	92	97	102	107	112	117	122	127	132	137	142	147	151
SRR10141042_2_val_2	705.0	743.0	688.0	813.0	852.0	970.0	1219.0	1915.0	2823.0	4584.0	7027.0	10705.0	15392.0	20449.0	24861.0	29467.0	31864.0	35109.0	38501.0	131659.0	612466.0
	50	52	54	56	58	60	62	64	66	68	70	72	74	76	78	80	82	84	86	88	90	92	94	96	98	100	102	104	106	108	110	112	114	116	118	120	122	124	126
SRR10141043_1_val_1	207.0	178.0	216.0	231.0	248.0	248.0	259.0	278.0	288.0	262.0	300.0	292.0	350.0	371.0	421.0	474.0	505.0	646.0	752.0	931.0	1166.0	1427.0	1752.0	2239.0	2789.0	3250.0	3993.0	4692.0	5778.0	6714.0	7874.0	9069.0	10649.0	11633.0	13016.0	17071.0	59538.0	538502.0	972649.0
	50	52	54	56	58	60	62	64	66	68	70	72	74	76	78	80	82	84	86	88	90	92	94	96	98	100	102	104	106	108	110	112	114	116	118	120	122	124	126
SRR10141043_2_val_2	263.0	296.0	278.0	268.0	297.0	316.0	285.0	325.0	348.0	315.0	365.0	355.0	391.0	394.0	510.0	545.0	570.0	727.0	848.0	1018.0	1294.0	1568.0	1885.0	2364.0	2999.0	3486.0	4093.0	4849.0	5949.0	6886.0	8132.0	9396.0	11144.0	12319.0	14059.0	19558.0	67368.0	601628.0	893567.0
	50	52	54	56	58	60	62	64	66	68	70	72	74	76	78	80	82	84	86	88	90	92	94	96	98	100	102	104	106	108	110	112	114	116	118	120	122	124	126
SRR10141044_1_val_1	173.0	163.0	167.0	179.0	198.0	205.0	223.0	192.0	219.0	222.0	242.0	264.0	278.0	323.0	329.0	396.0	477.0	550.0	661.0	785.0	1019.0	1134.0	1517.0	1833.0	2230.0	2789.0	3362.0	4111.0	4656.0	5339.0	6241.0	7315.0	8190.0	9450.0	10196.0	13509.0	46375.0	416796.0	759933.0
	50	52	54	56	58	60	62	64	66	68	70	72	74	76	78	80	82	84	86	88	90	92	94	96	98	100	102	104	106	108	110	112	114	116	118	120	122	124	126
SRR10141044_2_val_2	292.0	298.0	296.0	280.0	286.0	258.0	271.0	308.0	342.0	295.0	298.0	336.0	388.0	444.0	438.0	489.0	612.0	682.0	819.0	957.0	1156.0	1277.0	1717.0	2057.0	2480.0	3024.0	3550.0	4263.0	4922.0	5583.0	6607.0	7785.0	8917.0	10289.0	11608.0	16448.0	55661.0	480849.0	675659.0
	50	52	54	56	58	60	62	64	66	68	70	72	74	76	78	80	82	84	86	88	90	92	94	96	98	100	102	104	106	108	110	112	114	116	118	120	122	124	126
SRR10141045_1_val_1	183.0	188.0	189.0	208.0	214.0	235.0	215.0	289.0	276.0	294.0	275.0	301.0	324.0	316.0	378.0	421.0	430.0	522.0	645.0	774.0	890.0	1107.0	1367.0	1644.0	2118.0	2483.0	3083.0	3652.0	4394.0	5270.0	5956.0	6855.0	8099.0	9159.0	10120.0	14284.0	52974.0	492419.0	897645.0
	50	52	54	56	58	60	62	64	66	68	70	72	74	76	78	80	82	84	86	88	90	92	94	96	98	100	102	104	106	108	110	112	114	116	118	120	122	124	126
SRR10141045_2_val_2	261.0	288.0	284.0	293.0	285.0	292.0	281.0	324.0	331.0	321.0	347.0	378.0	409.0	415.0	425.0	470.0	504.0	612.0	734.0	896.0	1021.0	1231.0	1525.0	1881.0	2324.0	2711.0	3214.0	3724.0	4604.0	5449.0	6239.0	7211.0	8575.0	9913.0	11220.0	16720.0	60670.0	553978.0	819836.0
	52	57	62	67	72	77	82	87	92	97	102	107	112	117	122	127	132	137	142	147	151
SRR10141046_1_val_1	2382.0	2389.0	2301.0	2372.0	2306.0	2602.0	2749.0	3380.0	4792.0	6624.0	10246.0	14480.0	20338.0	26244.0	31620.0	36718.0	40707.0	45288.0	53110.0	223054.0	772126.0
	52	57	62	67	72	77	82	87	92	97	102	107	112	117	122	127	132	137	142	147	151
SRR10141046_2_val_2	3014.0	3221.0	3076.0	2970.0	2876.0	3046.0	3300.0	4072.0	5265.0	7197.0	10694.0	15051.0	20761.0	26634.0	32270.0	37341.0	41518.0	46241.0	55255.0	228592.0	753434.0
	52	57	62	67	72	77	82	87	92	97	102	107	112	117	122	127	132	137	142	147	151
SRR10141047_1_val_1	3069.0	3147.0	3138.0	3199.0	3159.0	3491.0	3797.0	4530.0	6251.0	8434.0	11929.0	17510.0	23837.0	30872.0	37430.0	44263.0	49444.0	55814.0	67464.0	305498.0	1052355.0
	52	57	62	67	72	77	82	87	92	97	102	107	112	117	122	127	132	137	142	147	151
SRR10141047_2_val_2	4074.0	4006.0	4055.0	4049.0	3887.0	4106.0	4435.0	5170.0	6752.0	9032.0	12506.0	18091.0	24311.0	31379.0	38143.0	45179.0	50511.0	56399.0	69206.0	310877.0	1032463.0
	50	52	54	56	58	60	62	64	66	68	70	72	74	76	78	80	82	84	86	88	90	92	94	96	98	100	102	104	106	108	110	112	114	116	118	120	122	124	126
SRR10141048_1_val_1	151.0	178.0	169.0	196.0	190.0	187.0	215.0	190.0	221.0	227.0	263.0	272.0	280.0	297.0	359.0	361.0	455.0	501.0	598.0	748.0	951.0	1122.0	1384.0	1735.0	2007.0	2663.0	3269.0	3973.0	4765.0	5692.0	6630.0	7680.0	8772.0	9867.0	10940.0	14820.0	48265.0	429693.0	764657.0
	50	52	54	56	58	60	62	64	66	68	70	72	74	76	78	80	82	84	86	88	90	92	94	96	98	100	102	104	106	108	110	112	114	116	118	120	122	124	126
SRR10141048_2_val_2	174.0	189.0	197.0	192.0	183.0	178.0	157.0	199.0	177.0	248.0	254.0	272.0	311.0	334.0	328.0	368.0	484.0	545.0	669.0	793.0	957.0	1188.0	1473.0	1788.0	2127.0	2764.0	3308.0	4024.0	4840.0	5803.0	6657.0	7840.0	8894.0	10043.0	11260.0	15680.0	50951.0	451119.0	737975.0
	52	57	62	67	72	77	82	87	92	97	102	107	112	117	122	127	132	137	142	147	151
SRR10141049_1_val_1	2048.0	2151.0	2057.0	2139.0	2048.0	2302.0	2616.0	3003.0	4069.0	5502.0	7967.0	11393.0	15795.0	20422.0	24765.0	29436.0	32504.0	36754.0	42548.0	204505.0	816505.0
	52	57	62	67	72	77	82	87	92	97	102	107	112	117	122	127	132	137	142	147	151
SRR10141049_2_val_2	2536.0	2627.0	2463.0	2540.0	2477.0	2671.0	2893.0	3346.0	4452.0	5789.0	8396.0	11839.0	16215.0	20808.0	25113.0	29926.0	33093.0	37294.0	43179.0	208503.0	804369.0
	52	57	62	67	72	77	82	87	92	97	102	107	112	117	122	127	132	137	142	147	151
SRR10141050_1_val_1	2527.0	2453.0	2524.0	2443.0	2387.0	2525.0	2706.0	3277.0	4568.0	6358.0	9616.0	13694.0	18881.0	24782.0	30150.0	35902.0	39503.0	44218.0	50748.0	231387.0	926832.0
	52	57	62	67	72	77	82	87	92	97	102	107	112	117	122	127	132	137	142	147	151
SRR10141050_2_val_2	2777.0	2886.0	2829.0	2868.0	2830.0	2888.0	3150.0	3846.0	5061.0	6761.0	10000.0	14136.0	19235.0	25371.0	30703.0	36654.0	40360.0	45155.0	52359.0	238560.0	909052.0
	52	57	62	67	72	77	82	87	92	97	102	107	112	117	122	127	132	137	142	147	151
SRR10141051_1_val_1	1812.0	1854.0	1782.0	1833.0	1879.0	1977.0	2346.0	2749.0	3771.0	5403.0	7900.0	11128.0	14630.0	18809.0	22384.0	25408.0	27853.0	31090.0	36567.0	175171.0	650760.0
	52	57	62	67	72	77	82	87	92	97	102	107	112	117	122	127	132	137	142	147	151
SRR10141051_2_val_2	2351.0	2411.0	2467.0	2358.0	2353.0	2488.0	2733.0	3181.0	4231.0	5849.0	8309.0	11422.0	15059.0	19283.0	22833.0	25865.0	28504.0	31814.0	38113.0	179014.0	636468.0
	52	57	62	67	72	77	82	87	92	97	102	107	112	117	122	127	132	137	142	147	151
SRR10141052_1_val_1	225.0	233.0	293.0	444.0	460.0	508.0	680.0	1110.0	2128.0	2042.0	3625.0	8262.0	15418.0	8995.0	14761.0	15801.0	59378.0	33800.0	52794.0	140629.0	785579.0
	52	57	62	67	72	77	82	87	92	97	102	107	112	117	122	127	132	137	142	147	151
SRR10141052_2_val_2	666.0	916.0	962.0	973.0	968.0	993.0	1172.0	1714.0	2739.0	2664.0	3990.0	9012.0	16102.0	9497.0	15827.0	17326.0	59429.0	34996.0	57122.0	154916.0	755181.0
	52	57	62	67	72	77	82	87	92	97	102	107	112	117	122	127	132	137	142	147	151
SRR10141053_1_val_1	2835.0	2913.0	2835.0	2827.0	2849.0	3181.0	3569.0	4324.0	5858.0	8384.0	12619.0	18277.0	25169.0	32610.0	39862.0	46410.0	51028.0	56780.0	67517.0	271042.0	902369.0
	52	57	62	67	72	77	82	87	92	97	102	107	112	117	122	127	132	137	142	147	151
SRR10141053_2_val_2	3630.0	3749.0	3680.0	3752.0	3476.0	3691.0	4110.0	4821.0	6369.0	8958.0	13145.0	18690.0	25810.0	33355.0	40341.0	46981.0	51838.0	57923.0	68949.0	282052.0	877938.0
	52	57	62	67	72	77	82	87	92	97	102	107	112	117	122	127	132	137	142	147	151
SRR10141054_1_val_1	8388.0	8414.0	8820.0	8537.0	8654.0	9161.0	9969.0	12041.0	15907.0	22777.0	34375.0	51428.0	73136.0	99986.0	127399.0	154493.0	176983.0	202157.0	242239.0	977422.0	3249103.0
	52	57	62	67	72	77	82	87	92	97	102	107	112	117	122	127	132	137	142	147	151
SRR10141054_2_val_2	11554.0	11802.0	12030.0	11666.0	11179.0	11766.0	12259.0	14249.0	17929.0	24727.0	36296.0	53259.0	75011.0	103088.0	129286.0	156828.0	180213.0	205120.0	248387.0	1004951.0	3169789.0
	52	57	62	67	72	77	82	87	92	97	102	107	112	117	122	127	132	137	142	147	150
SRR10141055_1_val_1	2272.0	2202.0	2155.0	2193.0	2277.0	2420.0	2757.0	3182.0	4455.0	6632.0	10029.0	15328.0	21130.0	28145.0	34200.0	40764.0	45225.0	51475.0	62157.0	538991.0	514751.0
	52	57	62	67	72	77	82	87	92	97	102	107	112	117	122	127	132	137	142	147	150
SRR10141055_2_val_2	2711.0	2842.0	2665.0	2674.0	2724.0	2797.0	3065.0	3589.0	4858.0	6879.0	10218.0	15450.0	21193.0	28270.0	34426.0	40771.0	45587.0	51754.0	63064.0	550139.0	497064.0
	52	57	62	67	72	77	82	87	92	97	102	107	112	117	122	127	132	137	142	147	150
SRR10141056_1_val_1	1898.0	1987.0	1937.0	1985.0	1892.0	2058.0	2446.0	3110.0	4234.0	6385.0	9722.0	14507.0	20168.0	27065.0	32759.0	38628.0	42585.0	47589.0	57489.0	474494.0	443827.0
	52	57	62	67	72	77	82	87	92	97	102	107	112	117	122	127	132	137	142	147	150
SRR10141056_2_val_2	2296.0	2425.0	2375.0	2323.0	2347.0	2451.0	2722.0	3367.0	4444.0	6610.0	9763.0	14608.0	20178.0	27035.0	32922.0	38847.0	42834.0	47595.0	57358.0	486933.0	427332.0
	52	57	62	67	72	77	82	87	92	97	102	107	112	117	122	127	132	137	142	147	151
SRR10141057_1_val_1	2586.0	2670.0	2638.0	2644.0	2704.0	2852.0	3202.0	3794.0	5100.0	7449.0	11579.0	17256.0	24227.0	32632.0	40102.0	47537.0	52395.0	58205.0	65009.0	256621.0	1001054.0
	52	57	62	67	72	77	82	87	92	97	102	107	112	117	122	127	132	137	142	147	151
SRR10141057_2_val_2	3355.0	3386.0	3465.0	3242.0	3295.0	3447.0	3630.0	4358.0	5542.0	7911.0	12001.0	17808.0	24564.0	33055.0	40571.0	48142.0	53188.0	59035.0	67187.0	262618.0	982456.0
	52	57	62	67	72	77	82	87	92	97	102	107	112	117	122	127	132	137	142	147	151
SRR10141058_1_val_1	1168.0	1324.0	1535.0	1909.0	2256.0	2689.0	3568.0	4777.0	6851.0	9535.0	13242.0	17355.0	22777.0	29045.0	34533.0	39610.0	44823.0	50438.0	66915.0	204151.0	312040.0
	52	57	62	67	72	77	82	87	92	97	102	107	112	117	122	127	132	137	142	147	151
SRR10141058_2_val_2	2190.0	2697.0	2985.0	3661.0	4223.0	4915.0	6682.0	8742.0	12012.0	15578.0	20621.0	26126.0	31979.0	36164.0	41144.0	45366.0	46435.0	48601.0	58364.0	169253.0	282803.0
	52	57	62	67	72	77	82	87	92	97	102	107	112	117	122	127	132	137	142	147	151
SRR10141059_1_val_1	801.0	922.0	1077.0	1302.0	1373.0	1668.0	2220.0	2941.0	4106.0	5551.0	7869.0	10981.0	14675.0	19559.0	23665.0	28797.0	33616.0	40542.0	56970.0	238772.0	369384.0
	52	57	62	67	72	77	82	87	92	97	102	107	112	117	122	127	132	137	142	147	151
SRR10141059_2_val_2	1424.0	1547.0	1789.0	1935.0	2254.0	2754.0	3417.0	4266.0	5400.0	7243.0	10161.0	13862.0	17699.0	22723.0	27665.0	33557.0	37477.0	43934.0	61085.0	217925.0	348674.0
	52	57	62	67	72	77	82	87	92	97	102	107	112	117	122	127	132	137	142	147	151
SRR10141060_1_val_1	3198.0	3418.0	3406.0	3628.0	3709.0	4128.0	4805.0	5858.0	8192.0	11726.0	17395.0	24893.0	33377.0	42391.0	49728.0	57687.0	62561.0	68644.0	80989.0	325141.0	965603.0
	52	57	62	67	72	77	82	87	92	97	102	107	112	117	122	127	132	137	142	147	151
SRR10141060_2_val_2	3970.0	3991.0	4161.0	4171.0	4350.0	4591.0	5343.0	6287.0	8663.0	12347.0	17955.0	25609.0	33961.0	43115.0	50583.0	58366.0	63107.0	68851.0	81844.0	334347.0	944865.0
	52	57	62	67	72	77	82	87	92	97	102	107	112	117	122	127	132	137	142	147	151
SRR10141061_1_val_1	2553.0	2763.0	2892.0	2933.0	3012.0	3353.0	3969.0	5081.0	7536.0	10608.0	15178.0	20731.0	26501.0	31767.0	35915.0	40032.0	43327.0	47590.0	56124.0	330725.0	750465.0
	52	57	62	67	72	77	82	87	92	97	102	107	112	117	122	127	132	137	142	147	151
SRR10141061_2_val_2	3054.0	3313.0	3255.0	3328.0	3525.0	3641.0	4310.0	5485.0	8006.0	11098.0	15566.0	20903.0	26534.0	32180.0	36216.0	40508.0	44085.0	48246.0	58017.0	338925.0	732860.0
	52	57	62	67	72	77	82	87	92	97	102	107	112	117	122	127	132	137	142	147	151
SRR10141062_1_val_1	2473.0	2450.0	2563.0	2680.0	2833.0	3423.0	4486.0	6942.0	10396.0	15607.0	22144.0	29032.0	34535.0	39682.0	43694.0	46374.0	48201.0	51314.0	57305.0	296143.0	662555.0
	52	57	62	67	72	77	82	87	92	97	102	107	112	117	122	127	132	137	142	147	151
SRR10141062_2_val_2	2839.0	2892.0	2899.0	2959.0	3196.0	3762.0	4910.0	7168.0	10622.0	15753.0	22277.0	29307.0	34932.0	40018.0	43827.0	46698.0	48653.0	51821.0	59064.0	301488.0	649747.0
	52	57	62	67	72	77	82	87	92	97	102	107	112	117	122	127	132	137	142	147	151
SRR10141063_1_val_1	1331.0	1697.0	1586.0	1840.0	2387.0	2762.0	2531.0	3504.0	3696.0	4138.0	5809.0	10927.0	27907.0	10578.0	15477.0	26986.0	70401.0	63817.0	74694.0	236754.0	448040.0
	52	57	62	67	72	77	82	87	92	97	102	107	112	117	122	127	132	137	142	147	151
SRR10141063_2_val_2	3329.0	3971.0	3566.0	3587.0	3520.0	4266.0	4815.0	6197.0	6675.0	7837.0	9802.0	15058.0	30666.0	16480.0	20784.0	31714.0	70844.0	64364.0	77612.0	236921.0	394854.0
	52	57	62	67	72	77	82	87	92	97	102	107	112	117	122	127	132	137	142	147	151
SRR10141064_1_val_1	2478.0	2621.0	2667.0	2752.0	2922.0	3250.0	3893.0	5348.0	7681.0	11684.0	16254.0	21578.0	26181.0	30486.0	34157.0	36802.0	39192.0	41676.0	48016.0	191179.0	562213.0
	52	57	62	67	72	77	82	87	92	97	102	107	112	117	122	127	132	137	142	147	151
SRR10141064_2_val_2	3171.0	3318.0	3373.0	3399.0	3433.0	3731.0	4434.0	5807.0	8274.0	12078.0	16742.0	22154.0	26751.0	30953.0	34700.0	37838.0	39885.0	42725.0	49995.0	198102.0	542167.0
	52	57	62	67	72	77	82	87	92	97	102	107	112	117	122	127	132	137	142	147	151
SRR10141065_1_val_1	2173.0	2272.0	2288.0	2367.0	2489.0	2944.0	3729.0	5298.0	7814.0	12146.0	17189.0	22766.0	27625.0	32439.0	35164.0	37782.0	39010.0	40378.0	45060.0	161351.0	500589.0
	52	57	62	67	72	77	82	87	92	97	102	107	112	117	122	127	132	137	142	147	151
SRR10141065_2_val_2	2536.0	2522.0	2585.0	2607.0	2761.0	3149.0	3916.0	5712.0	8143.0	12342.0	17420.0	23259.0	27906.0	32782.0	35770.0	38371.0	39804.0	41136.0	46684.0	171432.0	482036.0
	52	57	62	67	72	77	82	87	92	97	102	107	112	117	122	127	132	137	142	147	151
SRR10141066_1_val_1	2423.0	2533.0	2591.0	2737.0	2991.0	3665.0	5153.0	7719.0	12190.0	18899.0	26564.0	35511.0	42720.0	49550.0	53599.0	57217.0	58975.0	61896.0	67229.0	247632.0	869882.0
	52	57	62	67	72	77	82	87	92	97	102	107	112	117	122	127	132	137	142	147	151
SRR10141066_2_val_2	3086.0	3257.0	3356.0	3320.0	3699.0	4298.0	5715.0	8276.0	12696.0	19230.0	26955.0	35953.0	42752.0	49723.0	53763.0	57738.0	59584.0	62932.0	69557.0	259120.0	846666.0
	52	57	62	67	72	77	82	87	92	97	102	107	112	117	122	127	132	137	142	147	151
SRR10141067_1_val_1	454.0	440.0	526.0	606.0	732.0	1064.0	1858.0	3353.0	5478.0	9269.0	13418.0	18309.0	22122.0	25930.0	28723.0	30366.0	31513.0	33051.0	34646.0	145317.0	488033.0
	52	57	62	67	72	77	82	87	92	97	102	107	112	117	122	127	132	137	142	147	151
SRR10141067_2_val_2	956.0	958.0	954.0	1060.0	1282.0	1547.0	2365.0	3937.0	6149.0	9835.0	13856.0	18786.0	22459.0	26176.0	28890.0	31063.0	32139.0	34134.0	37107.0	154465.0	467090.0
	52	57	62	67	72	77	82	87	92	97	102	107	112	117	122	127	132	137	142	147	151
SRR10141068_1_val_1	2284.0	2410.0	2560.0	2601.0	3054.0	3681.0	5171.0	7722.0	11906.0	17887.0	25219.0	33802.0	41036.0	47757.0	51164.0	54477.0	55740.0	56600.0	61213.0	205961.0	549424.0
	52	57	62	67	72	77	82	87	92	97	102	107	112	117	122	127	132	137	142	147	151
SRR10141068_2_val_2	3100.0	3273.0	3400.0	3498.0	3844.0	4572.0	6020.0	8500.0	12687.0	18401.0	25742.0	34120.0	41139.0	47789.0	51472.0	54823.0	55798.0	56700.0	62041.0	211756.0	532994.0
	52	57	62	67	72	77	82	87	92	97	102	107	112	117	122	127	132	137	142	147	151
SRR10141069_1_val_1	210.0	193.0	233.0	340.0	309.0	378.0	309.0	232.0	310.0	376.0	474.0	798.0	2964.0	1340.0	2005.0	3370.0	13814.0	10941.0	16200.0	98353.0	517954.0
	52	57	62	67	72	77	82	87	92	97	102	107	112	117	122	127	132	137	142	147	151
SRR10141069_2_val_2	656.0	639.0	724.0	826.0	671.0	994.0	847.0	832.0	1050.0	1146.0	1228.0	1649.0	3892.0	2945.0	3317.0	4961.0	15220.0	13211.0	21811.0	123935.0	470549.0
	52	57	62	67	72	77	82	87	92	97	102	107	112	117	122	127	132	137	142	147	151
SRR10141070_1_val_1	1034.0	1561.0	2259.0	1542.0	1677.0	1352.0	1516.0	1771.0	2139.0	2177.0	2575.0	2888.0	3151.0	4057.0	5371.0	8440.0	21385.0	21730.0	43872.0	292351.0	835092.0
	52	57	62	67	72	77	82	87	92	97	102	107	112	117	122	127	132	137	142	147	151
SRR10141070_2_val_2	1379.0	1705.0	1681.0	1491.0	1530.0	1785.0	1633.0	2033.0	2337.0	2276.0	2604.0	3143.0	3512.0	4328.0	5794.0	8702.0	22087.0	22618.0	45736.0	295303.0	826263.0
	52	57	62	67	72	77	82	87	92	97	102	107	112	117	122	127	132	137	142	147	151
SRR10141071_1_val_1	3889.0	4202.0	4315.0	4569.0	5179.0	5980.0	7852.0	11386.0	16450.0	24161.0	33040.0	42848.0	50497.0	57898.0	61617.0	65786.0	67986.0	73788.0	87017.0	310571.0	772401.0
	52	57	62	67	72	77	82	87	92	97	102	107	112	117	122	127	132	137	142	147	151
SRR10141071_2_val_2	4981.0	5050.0	5336.0	5146.0	5649.0	6630.0	8533.0	11953.0	17202.0	24988.0	33687.0	43528.0	50295.0	58247.0	62478.0	67175.0	69569.0	75581.0	89975.0	309615.0	755814.0
	52	57	62	67	72	77	82	87	92	97	102	107	112	117	122	127	132	137	142	147	151
SRR10141072_1_val_1	154.0	99.0	140.0	218.0	171.0	289.0	206.0	166.0	185.0	173.0	207.0	386.0	1369.0	617.0	1117.0	1811.0	7522.0	6754.0	9486.0	73088.0	453617.0
	52	57	62	67	72	77	82	87	92	97	102	107	112	117	122	127	132	137	142	147	151
SRR10141072_2_val_2	398.0	300.0	350.0	440.0	285.0	579.0	353.0	290.0	350.0	319.0	387.0	592.0	1555.0	974.0	1439.0	2300.0	7847.0	7407.0	11267.0	83258.0	437085.0
	52	57	62	67	72	77	82	87	92	97	102	107	112	117	122	127	132	137	142	147	151
SRR10141073_1_val_1	705.0	1075.0	2109.0	992.0	1088.0	971.0	1113.0	1386.0	1949.0	1677.0	2613.0	4216.0	4542.0	6994.0	10170.0	17400.0	53813.0	44744.0	68281.0	292079.0	942531.0
	52	57	62	67	72	77	82	87	92	97	102	107	112	117	122	127	132	137	142	147	151
SRR10141073_2_val_2	810.0	1025.0	1049.0	1035.0	1026.0	1186.0	1193.0	1472.0	1864.0	1785.0	2649.0	4228.0	4500.0	7046.0	10452.0	17144.0	53120.0	43583.0	66821.0	277071.0	961389.0
	52	57	62	67	72	77	82	87	92	97	102	107	112	117	122	127	132	137	142	147	151
SRR10141074_1_val_1	1188.0	1568.0	1406.0	1524.0	1973.0	2153.0	2096.0	2533.0	2842.0	3172.0	4315.0	6249.0	11820.0	9398.0	15943.0	21222.0	59426.0	48397.0	80087.0	294650.0	680490.0
	52	57	62	67	72	77	82	87	92	97	102	107	112	117	122	127	132	137	142	147	151
SRR10141074_2_val_2	3533.0	4186.0	3687.0	3497.0	3412.0	4005.0	4707.0	5500.0	6648.0	7362.0	8975.0	11730.0	17357.0	16623.0	22851.0	28999.0	63649.0	53538.0	89656.0	304575.0	587962.0
	52	57	62	67	72	77	82	87	92	97	102	107	112	117	122	127	132	137	142	147	151
SRR10141075_1_val_1	518.0	725.0	1483.0	796.0	871.0	781.0	963.0	1080.0	1626.0	1451.0	1817.0	2372.0	2748.0	3544.0	5145.0	8085.0	27146.0	22898.0	35764.0	200221.0	513283.0
	52	57	62	67	72	77	82	87	92	97	102	107	112	117	122	127	132	137	142	147	151
SRR10141075_2_val_2	964.0	1203.0	1276.0	1195.0	1114.0	1218.0	1248.0	1339.0	1724.0	1633.0	1910.0	2471.0	2812.0	3666.0	5132.0	7962.0	26769.0	22436.0	34385.0	185290.0	527570.0
	52	57	62	67	72	77	82	87	92	97	102	107	112	117	122	127	132	137	142	147	151
SRR10141076_1_val_1	3317.0	6672.0	9333.0	11739.0	12342.0	12253.0	12610.0	12740.0	13501.0	15135.0	16845.0	19065.0	18856.0	20756.0	25127.0	33507.0	44688.0	50547.0	75976.0	217810.0	238019.0
	52	57	62	67	72	77	82	87	92	97	102	107	112	117	122	127	132	137	142	147	151
SRR10141076_2_val_2	10218.0	11143.0	11614.0	11883.0	12281.0	13693.0	15144.0	15508.0	15978.0	17767.0	19355.0	21686.0	21687.0	22190.0	26005.0	35352.0	44287.0	46559.0	69097.0	206684.0	222707.0
	52	57	62	67	72	77	82	87	92	97	102	107	112	117	122	127	132	137	142	147	151
SRR10141077_1_val_1	3075.0	5888.0	8287.0	10480.0	10849.0	10702.0	11156.0	11155.0	12222.0	13489.0	14655.0	16696.0	16911.0	18466.0	22469.0	28523.0	38817.0	45178.0	65963.0	191789.0	214850.0
	52	57	62	67	72	77	82	87	92	97	102	107	112	117	122	127	132	137	142	147	151
SRR10141077_2_val_2	9452.0	9955.0	10489.0	10496.0	10868.0	12279.0	13634.0	13463.0	14373.0	15968.0	17195.0	19167.0	19456.0	19369.0	22840.0	29249.0	38473.0	40852.0	59657.0	183630.0	200755.0
	52	57	62	67	72	77	82	87	92	97	102	107	112	117	122	127	132	137	142	147	151
SRR10141078_1_val_1	1561.0	1870.0	2944.0	1995.0	2489.0	2915.0	3535.0	4236.0	5862.0	5815.0	6998.0	8162.0	9767.0	12258.0	18837.0	30764.0	101795.0	76074.0	109052.0	398777.0	1000698.0
	52	57	62	67	72	77	82	87	92	97	102	107	112	117	122	127	132	137	142	147	151
SRR10141078_2_val_2	3661.0	4104.0	4142.0	4031.0	4276.0	4924.0	5156.0	5788.0	6898.0	6983.0	7829.0	8889.0	10387.0	13299.0	19323.0	30160.0	99449.0	73889.0	106528.0	387904.0	998784.0
	52	57	62	67	72	77	82	87	92	97	102	107	112	117	122	127	132	137	142	147	151
SRR10141079_1_val_1	1310.0	1738.0	2779.0	2023.0	2207.0	2592.0	2966.0	4022.0	5116.0	5156.0	6366.0	7398.0	8950.0	11248.0	16463.0	27204.0	88791.0	70254.0	100443.0	406461.0	1059672.0
	52	57	62	67	72	77	82	87	92	97	102	107	112	117	122	127	132	137	142	147	151
SRR10141079_2_val_2	3521.0	4172.0	4316.0	4200.0	4180.0	4757.0	4815.0	5452.0	6356.0	6525.0	7275.0	8412.0	9776.0	12465.0	17534.0	27243.0	87338.0	68394.0	99025.0	398428.0	1048975.0
	52	57	62	67	72	77	82	87	92	97	102	107	112	117	122	127	132	137	142	147	151
SRR10141080_1_val_1	1662.0	2093.0	3158.0	2243.0	2629.0	3145.0	3598.0	4610.0	6186.0	5795.0	7270.0	8436.0	10234.0	12196.0	18631.0	30975.0	100550.0	80066.0	113180.0	450810.0	1141551.0
	52	57	62	67	72	77	82	87	92	97	102	107	112	117	122	127	132	137	142	147	151
SRR10141080_2_val_2	4065.0	4674.0	4589.0	4518.0	4560.0	5305.0	5400.0	6349.0	7275.0	7299.0	8238.0	9287.0	10974.0	13326.0	19301.0	30862.0	98534.0	77622.0	111552.0	442060.0	1133228.0
	52	57	62	67	72	77	82	87	92	97	102	107	112	117	122	127	132	137	142	147	151
SRR10141081_1_val_1	259.0	197.0	240.0	233.0	560.0	353.0	295.0	316.0	700.0	796.0	525.0	1428.0	1227.0	1420.0	2577.0	4538.0	18791.0	15292.0	22380.0	128426.0	728132.0
	52	57	62	67	72	77	82	87	92	97	102	107	112	117	122	127	132	137	142	147	151
SRR10141081_2_val_2	576.0	477.0	592.0	551.0	1196.0	842.0	1441.0	1303.0	1488.0	1475.0	1185.0	2159.0	1994.0	2144.0	3639.0	5263.0	19530.0	16352.0	25314.0	146422.0	694742.0
	52	57	62	67	72	77	82	87	92	97	102	107	112	117	122	127	132	137	142	147	151
SRR10141082_1_val_1	78.0	93.0	109.0	154.0	255.0	149.0	143.0	130.0	361.0	506.0	251.0	740.0	677.0	792.0	1433.0	2341.0	9030.0	7992.0	11910.0	80614.0	484616.0
	52	57	62	67	72	77	82	87	92	97	102	107	112	117	122	127	132	137	142	147	151
SRR10141082_2_val_2	244.0	218.0	246.0	282.0	541.0	379.0	771.0	689.0	727.0	850.0	537.0	1161.0	1041.0	1183.0	2007.0	2743.0	9453.0	8478.0	13474.0	91752.0	465598.0
	52	57	62	67	72	77	82	87	92	97	102	107	112	117	122	127	132	137	142	147	151
SRR10141083_1_val_1	5330.0	9657.0	14220.0	16124.0	16895.0	16304.0	17554.0	19210.0	21534.0	25596.0	31740.0	36417.0	40041.0	44509.0	47744.0	47246.0	49376.0	54457.0	63757.0	210777.0	218662.0
	52	57	62	67	72	77	82	87	92	97	102	107	112	117	122	127	132	137	142	147	151
SRR10141083_2_val_2	14757.0	15038.0	15515.0	15521.0	16205.0	18244.0	20186.0	21399.0	24220.0	29447.0	33760.0	37865.0	42166.0	43033.0	46019.0	46252.0	46805.0	48744.0	57457.0	209141.0	205376.0
	52	57	62	67	72	77	82	87	92	97	102	107	112	117	122	127	132	137	142	147	151
SRR10141084_1_val_1	81.0	83.0	106.0	112.0	244.0	176.0	148.0	169.0	318.0	636.0	347.0	742.0	680.0	792.0	1392.0	2398.0	9515.0	7846.0	13093.0	85511.0	534520.0
	52	57	62	67	72	77	82	87	92	97	102	107	112	117	122	127	132	137	142	147	151
SRR10141084_2_val_2	296.0	276.0	337.0	357.0	880.0	818.0	711.0	673.0	804.0	1256.0	700.0	1133.0	1024.0	1352.0	2105.0	2991.0	10003.0	8585.0	15055.0	98187.0	511366.0
	52	57	62	67	72	77	82	87	92	97	102	107	112	117	122	127	132	137	142	147	151
SRR10141085_1_val_1	2910.0	3910.0	2681.0	2600.0	2892.0	4087.0	4083.0	5291.0	6225.0	8130.0	9894.0	15676.0	48022.0	32227.0	57565.0	72512.0	207917.0	117114.0	222116.0	599161.0	1540811.0
	52	57	62	67	72	77	82	87	92	97	102	107	112	117	122	127	132	137	142	147	151
SRR10141085_2_val_2	4308.0	5521.0	4394.0	4284.0	4979.0	6817.0	7507.0	9531.0	10993.0	13322.0	14731.0	19748.0	49402.0	33877.0	58445.0	73816.0	207271.0	122652.0	238733.0	685555.0	1389938.0
	52	57	62	67	72	77	82	87	92	97	102	107	112	117	122	127	132	137	142	147	151
SRR10141086_1_val_1	630.0	848.0	796.0	659.0	678.0	765.0	1220.0	1064.0	1680.0	1481.0	2245.0	4082.0	14231.0	5343.0	11412.0	18789.0	48393.0	33964.0	59188.0	181976.0	529418.0
	52	57	62	67	72	77	82	87	92	97	102	107	112	117	122	127	132	137	142	147	151
SRR10141086_2_val_2	740.0	940.0	962.0	746.0	773.0	923.0	1358.0	1427.0	1788.0	1635.0	2389.0	4297.0	14272.0	5654.0	11626.0	18678.0	47912.0	33687.0	58739.0	180176.0	530140.0
	52	57	62	67	72	77	82	87	92	97	102	107	112	117	122	127	132	137	142	147	151
SRR10141087_1_val_1	157.0	157.0	203.0	237.0	465.0	397.0	475.0	530.0	814.0	1212.0	1176.0	2008.0	2606.0	3127.0	5319.0	9812.0	40745.0	27236.0	38258.0	125510.0	579260.0
	52	57	62	67	72	77	82	87	92	97	102	107	112	117	122	127	132	137	142	147	151
SRR10141087_2_val_2	572.0	567.0	593.0	691.0	1251.0	994.0	1410.0	1442.0	2308.0	2205.0	1903.0	3086.0	3665.0	4354.0	6611.0	11290.0	41655.0	28849.0	43373.0	149720.0	533165.0
	52	57	62	67	72	77	82	87	92	97	102	107	112	117	122	127	132	137	142	147	151
SRR10141088_1_val_1	470.0	234.0	317.0	348.0	655.0	698.0	907.0	1154.0	1518.0	2016.0	2224.0	3923.0	4832.0	6282.0	9105.0	16926.0	61739.0	36417.0	48157.0	114588.0	457026.0
	52	57	62	67	72	77	82	87	92	97	102	107	112	117	122	127	132	137	142	147	151
SRR10141088_2_val_2	865.0	579.0	583.0	717.0	1288.0	1100.0	1555.0	1626.0	1899.0	2536.0	2559.0	4454.0	5284.0	6706.0	9755.0	17542.0	61655.0	36836.0	50950.0	127131.0	433916.0
	52	57	62	67	72	77	82	87	92	97	102	107	112	117	122	127	132	137	142	147	151
SRR10141089_1_val_1	194.0	140.0	165.0	216.0	490.0	505.0	599.0	767.0	1141.0	1438.0	1570.0	2816.0	3353.0	4398.0	6514.0	12148.0	47457.0	27828.0	38595.0	102863.0	436704.0
	52	57	62	67	72	77	82	87	92	97	102	107	112	117	122	127	132	137	142	147	151
SRR10141089_2_val_2	485.0	372.0	449.0	538.0	1072.0	798.0	1169.0	1180.0	1592.0	1895.0	1910.0	3380.0	3770.0	4803.0	7245.0	12677.0	47639.0	28357.0	41031.0	114139.0	415400.0
	52	57	62	67	72	77	82	87	92	97	102	107	112	117	122	127	132	137	142	147	151
SRR10141090_1_val_1	104.0	86.0	100.0	112.0	415.0	196.0	161.0	199.0	428.0	584.0	374.0	974.0	898.0	1039.0	1850.0	3744.0	18546.0	13897.0	20565.0	95807.0	536394.0
	52	57	62	67	72	77	82	87	92	97	102	107	112	117	122	127	132	137	142	147	151
SRR10141090_2_val_2	335.0	237.0	224.0	284.0	756.0	414.0	420.0	419.0	821.0	1121.0	651.0	1601.0	1282.0	1419.0	2380.0	4229.0	19042.0	14702.0	22236.0	107185.0	516715.0
	52	57	62	67	72	77	82	87	92	97	102	107	112	117	122	127	132	137	142	147	151
SRR10141091_1_val_1	503.0	639.0	402.0	591.0	711.0	618.0	883.0	1382.0	1283.0	1357.0	2590.0	3263.0	3579.0	4129.0	6815.0	9042.0	36534.0	20401.0	51674.0	102430.0	472045.0
	52	57	62	67	72	77	82	87	92	97	102	107	112	117	122	127	132	137	142	147	151
SRR10141091_2_val_2	743.0	929.0	596.0	887.0	771.0	726.0	924.0	1568.0	1542.0	1665.0	2792.0	3608.0	4012.0	4563.0	7145.0	9626.0	36988.0	20887.0	53546.0	112872.0	454481.0
	52	57	62	67	72	77	82	87	92	97	102	107	112	117	122	127	132	137	142	147	151
SRR10141092_1_val_1	71.0	132.0	107.0	115.0	142.0	195.0	264.0	410.0	826.0	934.0	1307.0	3133.0	11499.0	3750.0	7057.0	10515.0	29854.0	19445.0	31004.0	80540.0	427212.0
	52	57	62	67	72	77	82	87	92	97	102	107	112	117	122	127	132	137	142	147	151
SRR10141092_2_val_2	285.0	289.0	286.0	267.0	255.0	307.0	393.0	537.0	975.0	1215.0	1510.0	3326.0	11641.0	3990.0	7413.0	10856.0	30025.0	19805.0	31740.0	88686.0	414711.0
	52	57	62	67	72	77	82	87	92	97	102	107	112	117	122	127	132	137	142	147	151
SRR10141093_1_val_1	92.0	131.0	127.0	107.0	129.0	181.0	247.0	364.0	847.0	809.0	1228.0	3119.0	10680.0	3805.0	6947.0	10472.0	27887.0	19468.0	29340.0	76479.0	404951.0
	52	57	62	67	72	77	82	87	92	97	102	107	112	117	122	127	132	137	142	147	151
SRR10141093_2_val_2	299.0	301.0	293.0	269.0	232.0	306.0	397.0	499.0	1010.0	1096.0	1422.0	3274.0	10914.0	4047.0	7336.0	10794.0	28122.0	19693.0	30258.0	84511.0	392337.0
	52	57	62	67	72	77	82	87	92	97	102	107	112	117	122	127	132	137	142	147	151
SRR10141094_1_val_1	120.0	167.0	152.0	141.0	185.0	247.0	301.0	559.0	995.0	1085.0	1444.0	3468.0	13713.0	3791.0	8348.0	12544.0	35288.0	25650.0	39036.0	120149.0	648038.0
	52	57	62	67	72	77	82	87	92	97	102	107	112	117	122	127	132	137	142	147	151
SRR10141094_2_val_2	513.0	457.0	474.0	523.0	508.0	606.0	672.0	899.0	1498.0	1662.0	1823.0	3961.0	14168.0	4398.0	9117.0	13247.0	35770.0	26601.0	41740.0	138437.0	618347.0
	52	57	62	67	72	77	82	87	92	97	102	107	112	117	122	127	132	137	142	147	151
SRR10141095_1_val_1	857.0	1391.0	1096.0	924.0	1171.0	1091.0	1625.0	1643.0	2424.0	2470.0	3485.0	6605.0	20591.0	9787.0	17645.0	24537.0	74359.0	49228.0	79363.0	259221.0	809528.0
	52	57	62	67	72	77	82	87	92	97	102	107	112	117	122	127	132	137	142	147	151
SRR10141095_2_val_2	1294.0	1789.0	1611.0	1252.0	1392.0	1522.0	1755.0	2124.0	2684.0	2776.0	3731.0	6894.0	20327.0	9946.0	17699.0	24094.0	73115.0	47902.0	76809.0	246912.0	823413.0
	52	57	62	67	72	77	82	87	92	97	102	107	112	117	122	127	132	137	142	147	151
SRR10141096_1_val_1	287.0	493.0	457.0	396.0	407.0	807.0	892.0	1005.0	1707.0	2077.0	2982.0	7270.0	23314.0	9239.0	17536.0	19980.0	76623.0	48682.0	69046.0	202397.0	1104379.0
	52	57	62	67	72	77	82	87	92	97	102	107	112	117	122	127	132	137	142	147	151
SRR10141096_2_val_2	634.0	820.0	782.0	764.0	706.0	1272.0	1371.0	1437.0	2262.0	2570.0	3330.0	7808.0	24045.0	9990.0	18477.0	21205.0	77071.0	49884.0	72163.0	225549.0	1067836.0
	52	57	62	67	72	77	82	87	92	97	102	107	112	117	122	127	132	137	142	147	151
SRR10141097_1_val_1	2012.0	3751.0	2336.0	2765.0	2673.0	1550.0	2134.0	3075.0	2340.0	2704.0	3866.0	5944.0	6394.0	9519.0	16563.0	20274.0	78016.0	43580.0	105459.0	276053.0	743981.0
	52	57	62	67	72	77	82	87	92	97	102	107	112	117	122	127	132	137	142	147	151
SRR10141097_2_val_2	1994.0	3656.0	2288.0	2792.0	2286.0	1821.0	2132.0	3643.0	4100.0	3242.0	4309.0	6340.0	6554.0	9572.0	16399.0	20353.0	76789.0	40759.0	100756.0	257054.0	768150.0
	52	57	62	67	72	77	82	87	92	97	102	107	112	117	122	127	132	137	142	147	151
SRR10141098_1_val_1	65.0	85.0	93.0	102.0	115.0	139.0	184.0	288.0	579.0	587.0	866.0	1932.0	7505.0	2357.0	5305.0	8107.0	24313.0	16302.0	24674.0	64569.0	357176.0
	52	57	62	67	72	77	82	87	92	97	102	107	112	117	122	127	132	137	142	147	151
SRR10141098_2_val_2	360.0	371.0	304.0	281.0	273.0	339.0	403.0	627.0	923.0	910.0	1105.0	2111.0	7692.0	2552.0	5706.0	8649.0	24507.0	16724.0	25879.0	70452.0	345175.0
	52	57	62	67	72	77	82	87	92	97	102	107	112	117	122	127	132	137	142	147	151
SRR10141099_1_val_1	58.0	79.0	109.0	108.0	126.0	146.0	189.0	297.0	530.0	689.0	859.0	1930.0	7570.0	2263.0	5597.0	8760.0	25199.0	18000.0	25730.0	68647.0	381232.0
	52	57	62	67	72	77	82	87	92	97	102	107	112	117	122	127	132	137	142	147	151
SRR10141099_2_val_2	401.0	434.0	363.0	343.0	349.0	377.0	465.0	646.0	883.0	1041.0	1170.0	2223.0	7950.0	2612.0	6131.0	9414.0	25759.0	18740.0	27231.0	76468.0	365118.0
	52	57	62	67	72	77	82	87	92	97	102	107	112	117	122	127	132	137	142	147	151
SRR10141100_1_val_1	47.0	77.0	83.0	80.0	111.0	140.0	174.0	285.0	510.0	569.0	850.0	1904.0	6684.0	2711.0	5222.0	8185.0	23832.0	16160.0	24287.0	63252.0	361309.0
	52	57	62	67	72	77	82	87	92	97	102	107	112	117	122	127	132	137	142	147	151
SRR10141100_2_val_2	433.0	427.0	355.0	310.0	303.0	391.0	452.0	698.0	940.0	977.0	1155.0	2247.0	6970.0	3048.0	5612.0	8809.0	24145.0	16801.0	25800.0	71615.0	344984.0
	52	57	62	67	72	77	82	87	92	97	102	107	112	117	122	127	132	137	142	147	151
SRR10141101_1_val_1	100.0	151.0	150.0	169.0	216.0	259.0	303.0	465.0	945.0	1052.0	1716.0	3526.0	11599.0	4792.0	8826.0	14115.0	32557.0	23847.0	35904.0	93282.0	506902.0
	52	57	62	67	72	77	82	87	92	97	102	107	112	117	122	127	132	137	142	147	151
SRR10141101_2_val_2	248.0	276.0	310.0	310.0	320.0	416.0	418.0	623.0	1133.0	1276.0	1899.0	3690.0	11873.0	5054.0	9163.0	14337.0	32756.0	24325.0	37344.0	101160.0	493945.0
	52	57	62	67	72	77	82	87	92	97	102	107	112	117	122	127	132	137	142	147	151
SRR10141102_1_val_1	90.0	126.0	158.0	154.0	160.0	205.0	226.0	355.0	698.0	893.0	1193.0	2520.0	10828.0	3617.0	7146.0	11559.0	31306.0	22494.0	35915.0	95215.0	518937.0
	52	57	62	67	72	77	82	87	92	97	102	107	112	117	122	127	132	137	142	147	151
SRR10141102_2_val_2	188.0	211.0	248.0	265.0	242.0	305.0	325.0	498.0	809.0	1092.0	1285.0	2650.0	11033.0	3870.0	7527.0	11776.0	31383.0	22909.0	37044.0	102112.0	508023.0
	52	57	62	67	72	77	82	87	92	97	102	107	112	117	122	127	132	137	142	147	151
SRR10141103_1_val_1	80.0	106.0	116.0	114.0	119.0	145.0	154.0	322.0	571.0	685.0	917.0	1986.0	9388.0	2397.0	5801.0	10199.0	26721.0	19616.0	32214.0	86913.0	481420.0
	52	57	62	67	72	77	82	87	92	97	102	107	112	117	122	127	132	137	142	147	151
SRR10141103_2_val_2	259.0	234.0	234.0	227.0	221.0	258.0	318.0	529.0	860.0	1056.0	1104.0	2184.0	9587.0	2653.0	6269.0	10512.0	26984.0	20010.0	33339.0	94211.0	468935.0
	52	57	62	67	72	77	82	87	92	97	102	107	112	117	122	127	132	137	142	147	151
SRR10141104_1_val_1	2451.0	3921.0	2514.0	2241.0	2368.0	1939.0	2533.0	3410.0	2851.0	3401.0	4402.0	8975.0	8128.0	10758.0	13194.0	20016.0	71631.0	47336.0	113795.0	294804.0	775391.0
	52	57	62	67	72	77	82	87	92	97	102	107	112	117	122	127	132	137	142	147	151
SRR10141104_2_val_2	2613.0	4268.0	2675.0	2687.0	2640.0	2324.0	2748.0	3990.0	3715.0	3767.0	4706.0	9281.0	8311.0	10594.0	13389.0	19920.0	70426.0	45883.0	112210.0	289805.0	780107.0
	52	57	62	67	72	77	82	87	92	97	102	107	112	117	122	127	132	137	142	147	151
SRR10141105_1_val_1	2578.0	2704.0	2825.0	2938.0	2844.0	3580.0	3425.0	4343.0	4745.0	4552.0	6276.0	7911.0	11531.0	14808.0	18584.0	26913.0	55905.0	81773.0	106220.0	649635.0	1946758.0
	52	57	62	67	72	77	82	87	92	97	102	107	112	117	122	127	132	137	142	147	151
SRR10141105_2_val_2	4030.0	3872.0	3634.0	3941.0	3712.0	4176.0	4146.0	5147.0	4968.0	4920.0	5920.0	7124.0	10843.0	14167.0	18068.0	25448.0	53887.0	78908.0	101338.0	650685.0	1951914.0
	52	57	62	67	72	77	82	87	92	97	102	107	112	117	122	127	132	137	142	147	151
SRR10141106_1_val_1	56.0	85.0	96.0	89.0	97.0	126.0	96.0	140.0	390.0	415.0	456.0	1079.0	3274.0	1351.0	2586.0	4354.0	15235.0	11590.0	20477.0	72288.0	440070.0
	52	57	62	67	72	77	82	87	92	97	102	107	112	117	122	127	132	137	142	147	151
SRR10141106_2_val_2	184.0	180.0	171.0	199.0	204.0	223.0	216.0	307.0	654.0	778.0	564.0	1207.0	3490.0	1567.0	2911.0	4656.0	15452.0	11953.0	21434.0	79755.0	428245.0
	52	57	62	67	72	77	82	87	92	97	102	107	112	117	122	127	132	137	142	147	151
SRR10141107_1_val_1	1011.0	1300.0	1246.0	1211.0	1520.0	1356.0	1349.0	1674.0	2176.0	2903.0	2966.0	4159.0	8833.0	6989.0	11806.0	19511.0	58231.0	48690.0	94886.0	319202.0	862027.0
	52	57	62	67	72	77	82	87	92	97	102	107	112	117	122	127	132	137	142	147	151
SRR10141107_2_val_2	1802.0	2284.0	2090.0	1945.0	2445.0	2815.0	2871.0	3079.0	3950.0	4537.0	5366.0	7119.0	12328.0	11686.0	15954.0	23383.0	60535.0	52680.0	103692.0	348276.0	784209.0
	52	57	62	67	72	77	82	87	92	97	102	107	112	117	122	127	132	137	142	147	151
SRR10141108_1_val_1	693.0	1166.0	1099.0	843.0	1026.0	815.0	1283.0	1093.0	1511.0	1326.0	1534.0	2193.0	5245.0	3130.0	5622.0	8515.0	24790.0	21842.0	45089.0	232259.0	808570.0
	52	57	62	67	72	77	82	87	92	97	102	107	112	117	122	127	132	137	142	147	151
SRR10141108_2_val_2	957.0	1378.0	1264.0	994.0	895.0	1114.0	1255.0	1354.0	1609.0	1341.0	1420.0	2118.0	4970.0	2841.0	5166.0	7695.0	23766.0	19780.0	40048.0	218957.0	830722.0
	52	57	62	67	72	77	82	87	92	97	102	107	112	117	122	127	132	137	142	147	151
SRR10141109_1_val_1	619.0	1071.0	921.0	752.0	908.0	754.0	969.0	920.0	1273.0	1283.0	1304.0	1895.0	4061.0	2771.0	4725.0	7414.0	19665.0	17989.0	37167.0	205781.0	717465.0
	52	57	62	67	72	77	82	87	92	97	102	107	112	117	122	127	132	137	142	147	151
SRR10141109_2_val_2	897.0	1162.0	1075.0	943.0	884.0	996.0	1091.0	1078.0	1315.0	1137.0	1235.0	1803.0	3837.0	2424.0	4284.0	6698.0	18692.0	16178.0	32553.0	193263.0	738162.0
	50	52	54	56	58	60	62	64	66	68	70	72	74	76	78	80	82	84	86	88	90	92	94	96	98	100	102	104	106	108	110	112	114	116	118	120	122	124	126
SRR10141110_1_val_1	52.0	19.0	44.0	55.0	91.0	85.0	94.0	97.0	87.0	57.0	73.0	97.0	118.0	125.0	108.0	117.0	127.0	171.0	142.0	224.0	229.0	337.0	437.0	385.0	476.0	503.0	442.0	1012.0	696.0	697.0	1084.0	7778.0	1250.0	1376.0	2257.0	3989.0	22984.0	245476.0	265667.0
	50	52	54	56	58	60	62	64	66	68	70	72	74	76	78	80	82	84	86	88	90	92	94	96	98	100	102	104	106	108	110	112	114	116	118	120	122	124	126
SRR10141110_2_val_2	86.0	75.0	111.0	116.0	142.0	138.0	148.0	167.0	110.0	121.0	143.0	157.0	197.0	214.0	214.0	206.0	264.0	296.0	288.0	392.0	455.0	525.0	786.0	705.0	777.0	879.0	613.0	1260.0	1052.0	1124.0	1631.0	8566.0	2156.0	2563.0	4269.0	7980.0	31856.0	286933.0	201343.0
	52	57	62	67	72	77	82	87	92	97	102	107	112	117	122	127	132	137	142	147	151
SRR10141111_1_val_1	97.0	137.0	116.0	160.0	240.0	239.0	266.0	536.0	723.0	947.0	1183.0	2418.0	10850.0	3313.0	6151.0	11251.0	31935.0	19850.0	32550.0	75846.0	384551.0
	52	57	62	67	72	77	82	87	92	97	102	107	112	117	122	127	132	137	142	147	151
SRR10141111_2_val_2	358.0	462.0	484.0	438.0	443.0	494.0	529.0	799.0	1049.0	1264.0	1481.0	2727.0	11217.0	3764.0	6825.0	11769.0	32256.0	20437.0	33925.0	83765.0	368873.0
	52	57	62	67	72	77	82	87	92	97	102	107	112	117	122	127	132	137	142	147	151
SRR10141112_1_val_1	681.0	591.0	538.0	430.0	559.0	664.0	781.0	1162.0	1456.0	1888.0	2266.0	4455.0	15587.0	4961.0	8802.0	12410.0	35917.0	24209.0	27714.0	57477.0	251945.0
	52	57	62	67	72	77	82	87	92	97	102	107	112	117	122	127	132	137	142	147	151
SRR10141112_2_val_2	805.0	721.0	714.0	621.0	772.0	820.0	1016.0	1302.0	1572.0	2058.0	2349.0	4600.0	15825.0	5056.0	9011.0	12512.0	35970.0	24214.0	27796.0	61060.0	245699.0
	52	57	62	67	72	77	82	87	92	97	102	107	112	117	122	127	132	137	142	147	151
SRR10141113_1_val_1	362.0	415.0	351.0	201.0	259.0	449.0	541.0	641.0	776.0	1276.0	1259.0	2935.0	9981.0	2791.0	4954.0	6980.0	17453.0	11848.0	14328.0	31586.0	156706.0
	52	57	62	67	72	77	82	87	92	97	102	107	112	117	122	127	132	137	142	147	151
SRR10141113_2_val_2	375.0	452.0	395.0	277.0	469.0	674.0	646.0	738.0	865.0	1378.0	1302.0	2951.0	10029.0	2873.0	5041.0	7038.0	17478.0	11886.0	14363.0	33227.0	153635.0
	52	57	62	67	72	77	82	87	92	97	102	107	112	117	122	127	132	137	142	147	151
SRR10141114_1_val_1	97.0	109.0	73.0	165.0	113.0	164.0	187.0	335.0	213.0	314.0	435.0	681.0	836.0	985.0	1809.0	2743.0	10109.0	5904.0	12538.0	29256.0	149366.0
	52	57	62	67	72	77	82	87	92	97	102	107	112	117	122	127	132	137	142	147	151
SRR10141114_2_val_2	139.0	146.0	117.0	271.0	204.0	315.0	201.0	400.0	350.0	357.0	467.0	764.0	935.0	1062.0	1869.0	2885.0	10227.0	6042.0	12696.0	31125.0	145860.0
	52	57	62	67	72	77	82	87	92	97	102	107	112	117	122	127	132	137	142	147	151
SRR10141115_1_val_1	62.0	111.0	86.0	92.0	69.0	130.0	159.0	206.0	372.0	553.0	639.0	1317.0	6001.0	1979.0	3718.0	6173.0	15085.0	10205.0	16544.0	43501.0	235812.0
	52	57	62	67	72	77	82	87	92	97	102	107	112	117	122	127	132	137	142	147	151
SRR10141115_2_val_2	115.0	146.0	127.0	126.0	111.0	181.0	206.0	253.0	407.0	615.0	657.0	1368.0	6051.0	2031.0	3872.0	6224.0	15149.0	10306.0	16913.0	46203.0	231753.0
	52	57	62	67	72	77	82	87	92	97	102	107	112	117	122	127	132	137	142	147	151
SRR10141116_1_val_1	2567.0	3574.0	2674.0	2814.0	2719.0	2753.0	3521.0	4691.0	4182.0	5023.0	7257.0	9257.0	12649.0	14557.0	23907.0	34446.0	106489.0	62039.0	141300.0	359536.0	784327.0
	52	57	62	67	72	77	82	87	92	97	102	107	112	117	122	127	132	137	142	147	151
SRR10141116_2_val_2	2728.0	3861.0	2851.0	2939.0	3130.0	2964.0	3719.0	5248.0	5242.0	5512.0	7296.0	9508.0	12954.0	15718.0	24739.0	34175.0	105329.0	62780.0	147331.0	374923.0	757335.0
	52	57	62	67	72	77	82	87	92	97	102	107	112	117	122	127	132	137	142	147	151
SRR10141117_1_val_1	2074.0	2965.0	2427.0	2299.0	2294.0	2271.0	2774.0	3833.0	3295.0	3995.0	5486.0	7860.0	10423.0	11424.0	18273.0	27134.0	82659.0	52298.0	106181.0	287653.0	634233.0
	52	57	62	67	72	77	82	87	92	97	102	107	112	117	122	127	132	137	142	147	151
SRR10141117_2_val_2	2215.0	3313.0	2335.0	2486.0	2466.0	2529.0	2903.0	4162.0	4190.0	4485.0	5715.0	8059.0	10941.0	12221.0	18901.0	27396.0	81320.0	52946.0	110658.0	298865.0	613745.0
	52	57	62	67	72	77	82	87	92	97	102	107	112	117	122	127	132	137	142	147	151
SRR10141118_1_val_1	1075.0	1397.0	1398.0	1342.0	1402.0	1601.0	1863.0	2080.0	2754.0	3076.0	4254.0	6964.0	20398.0	8607.0	14948.0	23562.0	57643.0	40484.0	75245.0	244639.0	566224.0
	52	57	62	67	72	77	82	87	92	97	102	107	112	117	122	127	132	137	142	147	151
SRR10141118_2_val_2	1402.0	1635.0	1663.0	1554.0	1757.0	2120.0	2238.0	2508.0	3088.0	3462.0	4729.0	7561.0	20603.0	9845.0	16383.0	24401.0	57973.0	41921.0	77905.0	253700.0	544508.0
	52	57	62	67	72	77	82	87	92	97	102	107	112	117	122	127	132	137	142	147	151
SRR10141119_1_val_1	141.0	204.0	289.0	262.0	292.0	337.0	340.0	645.0	953.0	1140.0	1538.0	3557.0	14527.0	4955.0	11604.0	27622.0	48557.0	39972.0	53014.0	276890.0	809508.0
	52	57	62	67	72	77	82	87	92	97	102	107	112	117	122	127	132	137	142	147	151
SRR10141119_2_val_2	319.0	401.0	503.0	841.0	507.0	586.0	702.0	958.0	1231.0	1500.0	1722.0	3918.0	15161.0	5453.0	12183.0	28832.0	48572.0	41325.0	55506.0	288648.0	787479.0

