Sample	number_of_samples	number_of_records	number_of_no-ALTs	number_of_SNPs	number_of_MNPs	number_of_indels	number_of_others	number_of_multiallelic_sites	number_of_multiallelic_SNP_sites	ts	tv	tstv	ts_1st_ALT	tv_1st_ALT	tstv_1st_ALT	substitution_type_A>C	substitution_type_A>G	substitution_type_A>T	substitution_type_C>A	substitution_type_C>G	substitution_type_C>T	substitution_type_G>A	substitution_type_G>C	substitution_type_G>T	substitution_type_T>A	substitution_type_T>C	substitution_type_T>G
SRR10141021	1.0	45074.0	0.0	40031.0	0.0	5045.0	0.0	33.0	15.0	26579.0	13461.0	1.97	26571.0	13453.0	1.98	1537.0	6722.0	1830.0	1709.0	1707.0	6671.0	6712.0	1633.0	1796.0	1788.0	6474.0	1461.0
SRR10141022	1.0	32812.0	0.0	28794.0	0.0	4018.0	1.0	19.0	9.0	19344.0	9452.0	2.05	19341.0	9447.0	2.05	1043.0	4673.0	1239.0	1248.0	1173.0	4940.0	4986.0	1132.0	1345.0	1225.0	4745.0	1047.0
SRR10141023	1.0	39746.0	0.0	35872.0	0.0	3875.0	0.0	27.0	13.0	23833.0	12044.0	1.98	23829.0	12036.0	1.98	1268.0	5964.0	1407.0	1740.0	1528.0	5931.0	5956.0	1520.0	1813.0	1431.0	5982.0	1337.0
SRR10141024	1.0	41326.0	0.0	37032.0	0.0	4295.0	1.0	27.0	7.0	24807.0	12228.0	2.03	24805.0	12223.0	2.03	1334.0	6175.0	1315.0	1990.0	1589.0	6196.0	6285.0	1544.0	1794.0	1308.0	6151.0	1354.0
SRR10141025	1.0	47289.0	0.0	42607.0	0.0	4682.0	0.0	32.0	12.0	28226.0	14387.0	1.96	28223.0	14379.0	1.96	1492.0	7314.0	1608.0	2313.0	1778.0	6886.0	6967.0	1783.0	2328.0	1618.0	7059.0	1467.0
SRR10141026	1.0	72243.0	0.0	65282.0	0.0	6966.0	0.0	55.0	36.0	41381.0	23921.0	1.73	41364.0	23902.0	1.73	2395.0	10591.0	2763.0	4077.0	2792.0	10302.0	10181.0	2755.0	4050.0	2758.0	10307.0	2331.0
SRR10141027	1.0	35299.0	0.0	30912.0	0.0	4388.0	0.0	23.0	9.0	20777.0	10141.0	2.05	20775.0	10135.0	2.05	1153.0	5130.0	1254.0	1305.0	1355.0	5330.0	5331.0	1301.0	1367.0	1242.0	4986.0	1164.0
SRR10141028	1.0	40647.0	0.0	36387.0	0.0	4260.0	1.0	20.0	4.0	24418.0	11972.0	2.04	24418.0	11969.0	2.04	1367.0	5961.0	1325.0	1738.0	1557.0	6149.0	6206.0	1656.0	1755.0	1278.0	6102.0	1296.0
SRR10141029	1.0	58790.0	0.0	52880.0	0.0	5911.0	1.0	41.0	19.0	34996.0	17898.0	1.96	34989.0	17886.0	1.96	1947.0	8773.0	1987.0	2790.0	2247.0	8687.0	8865.0	2256.0	2837.0	2018.0	8671.0	1816.0
SRR10141030	1.0	1599.0	0.0	1290.0	0.0	309.0	0.0	3.0	0.0	710.0	580.0	1.22	710.0	580.0	1.22	50.0	158.0	83.0	88.0	52.0	155.0	200.0	69.0	120.0	73.0	197.0	45.0
SRR10141031	1.0	46475.0	0.0	42242.0	0.0	4235.0	0.0	17.0	7.0	27831.0	14414.0	1.93	27828.0	14411.0	1.93	1475.0	7065.0	1774.0	2157.0	1750.0	6952.0	6808.0	1765.0	2229.0	1699.0	7006.0	1565.0
SRR10141032	1.0	63673.0	0.0	58100.0	0.0	5573.0	1.0	17.0	8.0	38444.0	19659.0	1.96	38442.0	19653.0	1.96	2041.0	9658.0	2407.0	2957.0	2435.0	9673.0	9532.0	2430.0	2924.0	2390.0	9581.0	2075.0
SRR10141033	1.0	97356.0	0.0	87391.0	0.0	9968.0	8.0	58.0	30.0	55910.0	31494.0	1.78	55898.0	31476.0	1.78	3234.0	14132.0	4051.0	4816.0	3699.0	13593.0	13885.0	3651.0	4898.0	4010.0	14300.0	3135.0
SRR10141034	1.0	69629.0	0.0	62502.0	0.0	7128.0	3.0	38.0	22.0	40268.0	22242.0	1.81	40258.0	22233.0	1.81	2333.0	10257.0	2819.0	3441.0	2572.0	9916.0	9852.0	2599.0	3485.0	2744.0	10243.0	2249.0
SRR10141035	1.0	34671.0	0.0	31705.0	0.0	2966.0	1.0	11.0	7.0	20875.0	10833.0	1.93	20871.0	10830.0	1.93	1116.0	5107.0	1139.0	1851.0	1363.0	5254.0	5268.0	1321.0	1845.0	1152.0	5246.0	1046.0
SRR10141036	1.0	146700.0	0.0	134182.0	0.0	12521.0	3.0	52.0	33.0	84538.0	49659.0	1.7	84526.0	49639.0	1.7	4925.0	21275.0	5958.0	8599.0	5334.0	20880.0	21091.0	5397.0	8613.0	6068.0	21292.0	4765.0
SRR10141037	1.0	62702.0	0.0	56636.0	0.0	6066.0	3.0	32.0	17.0	38315.0	18327.0	2.09	38308.0	18317.0	2.09	1983.0	9671.0	2091.0	2647.0	2358.0	9611.0	9525.0	2337.0	2706.0	2099.0	9508.0	2106.0
SRR10141038	1.0	84505.0	0.0	76255.0	0.0	8254.0	6.0	53.0	27.0	51191.0	25083.0	2.04	51181.0	25067.0	2.04	2752.0	12715.0	2902.0	3754.0	3123.0	12769.0	12995.0	3135.0	3799.0	2899.0	12712.0	2719.0
SRR10141039	1.0	56123.0	0.0	48776.0	0.0	7348.0	2.0	51.0	12.0	31640.0	17142.0	1.85	31637.0	17133.0	1.85	1597.0	7800.0	1394.0	3544.0	1989.0	8132.0	7939.0	1953.0	3612.0	1401.0	7769.0	1652.0
SRR10141040	1.0	70741.0	0.0	61331.0	0.0	9414.0	3.0	63.0	20.0	40811.0	20529.0	1.99	40802.0	20518.0	1.99	2362.0	10101.0	1928.0	3388.0	2529.0	10109.0	10214.0	2627.0	3426.0	2000.0	10387.0	2269.0
SRR10141041	1.0	2137.0	0.0	1703.0	0.0	434.0	0.0	2.0	0.0	911.0	792.0	1.15	911.0	792.0	1.15	83.0	231.0	104.0	135.0	61.0	201.0	249.0	76.0	166.0	102.0	230.0	65.0
SRR10141042	1.0	54001.0	0.0	46991.0	0.0	7012.0	4.0	38.0	8.0	30805.0	16190.0	1.9	30801.0	16186.0	1.9	1677.0	7662.0	1476.0	3018.0	1940.0	7806.0	7694.0	1978.0	3036.0	1441.0	7643.0	1624.0
SRR10141043	1.0	52822.0	0.0	47013.0	0.0	5812.0	3.0	50.0	12.0	32592.0	14426.0	2.26	32586.0	14419.0	2.26	1740.0	8191.0	1356.0	2077.0	1977.0	8137.0	8132.0	2005.0	2131.0	1446.0	8132.0	1694.0
SRR10141044	1.0	42118.0	0.0	37823.0	0.0	4295.0	1.0	30.0	8.0	25395.0	12433.0	2.04	25391.0	12429.0	2.04	1188.0	6266.0	1103.0	2533.0	1525.0	6373.0	6451.0	1555.0	2278.0	1031.0	6305.0	1220.0
SRR10141045	1.0	44669.0	0.0	39715.0	0.0	4955.0	0.0	30.0	7.0	27488.0	12231.0	2.25	27486.0	12227.0	2.25	1465.0	6862.0	1145.0	1716.0	1782.0	6936.0	6852.0	1716.0	1800.0	1208.0	6838.0	1399.0
SRR10141046	1.0	53973.0	0.0	48914.0	0.0	5060.0	3.0	16.0	7.0	33309.0	15608.0	2.13	33308.0	15603.0	2.13	1720.0	8341.0	1798.0	2212.0	1987.0	8332.0	8308.0	2068.0	2239.0	1793.0	8328.0	1791.0
SRR10141047	1.0	74809.0	0.0	67745.0	0.0	7064.0	5.0	34.0	17.0	45692.0	22060.0	2.07	45686.0	22050.0	2.07	2416.0	11358.0	2557.0	3210.0	2871.0	11441.0	11469.0	2915.0	3269.0	2471.0	11424.0	2351.0
SRR10141048	1.0	45206.0	0.0	40286.0	0.0	4920.0	1.0	36.0	14.0	27759.0	12536.0	2.21	27754.0	12528.0	2.22	1415.0	6918.0	1243.0	1904.0	1711.0	6950.0	6849.0	1715.0	1913.0	1219.0	7042.0	1416.0
SRR10141049	1.0	50649.0	0.0	45598.0	0.0	5052.0	0.0	21.0	8.0	30933.0	14669.0	2.11	30931.0	14664.0	2.11	1542.0	7579.0	1646.0	2173.0	1904.0	7627.0	7775.0	1954.0	2210.0	1657.0	7952.0	1583.0
SRR10141050	1.0	57525.0	0.0	51937.0	0.0	5589.0	2.0	23.0	8.0	34792.0	17149.0	2.03	34787.0	17145.0	2.03	1854.0	8756.0	1722.0	2779.0	2172.0	8643.0	8756.0	2177.0	2922.0	1853.0	8637.0	1670.0
SRR10141051	1.0	40445.0	0.0	36575.0	0.0	3871.0	0.0	14.0	6.0	24875.0	11703.0	2.13	24873.0	11699.0	2.13	1338.0	6194.0	1387.0	1651.0	1625.0	6219.0	6093.0	1461.0	1542.0	1383.0	6369.0	1316.0
SRR10141052	1.0	1563.0	0.0	1247.0	0.0	316.0	0.0	3.0	0.0	742.0	505.0	1.47	742.0	505.0	1.47	54.0	184.0	68.0	65.0	59.0	151.0	215.0	62.0	110.0	51.0	192.0	36.0
SRR10141053	1.0	68987.0	0.0	63053.0	0.0	5937.0	1.0	31.0	16.0	43155.0	19906.0	2.17	43145.0	19898.0	2.17	2175.0	10960.0	2137.0	2958.0	2611.0	10798.0	10715.0	2652.0	2864.0	2283.0	10682.0	2226.0
SRR10141054	1.0	191847.0	0.0	174586.0	0.0	17266.0	2.0	90.0	49.0	120447.0	54169.0	2.22	120426.0	54140.0	2.22	6112.0	30072.0	5995.0	7388.0	7441.0	30093.0	30082.0	7321.0	7581.0	6149.0	30200.0	6182.0
SRR10141055	1.0	61271.0	0.0	56096.0	0.0	5176.0	0.0	18.0	9.0	36328.0	19773.0	1.84	36326.0	19765.0	1.84	1863.0	9088.0	1937.0	3680.0	2295.0	9192.0	9062.0	2253.0	3733.0	1989.0	8986.0	2023.0
SRR10141056	1.0	74880.0	0.0	69748.0	0.0	5134.0	0.0	34.0	18.0	34936.0	34825.0	1.0	34926.0	34816.0	1.0	1830.0	8523.0	2009.0	11428.0	2194.0	8862.0	8864.0	2251.0	11330.0	1983.0	8687.0	1800.0
SRR10141057	1.0	82412.0	0.0	75055.0	0.0	7359.0	2.0	30.0	17.0	48896.0	26168.0	1.87	48890.0	26158.0	1.87	2504.0	12133.0	2837.0	4643.0	3062.0	12198.0	12294.0	3007.0	4771.0	2838.0	12271.0	2506.0
SRR10141058	1.0	23134.0	0.0	20664.0	0.0	2470.0	1.0	20.0	5.0	14030.0	6638.0	2.11	14029.0	6634.0	2.11	765.0	3399.0	699.0	1011.0	839.0	3621.0	3498.0	881.0	1018.0	681.0	3512.0	744.0
SRR10141059	1.0	33127.0	0.0	29554.0	0.0	3574.0	2.0	39.0	13.0	19725.0	9836.0	2.01	19720.0	9829.0	2.01	1090.0	4891.0	990.0	1576.0	1218.0	4967.0	4881.0	1300.0	1622.0	970.0	4986.0	1070.0
SRR10141060	1.0	97097.0	0.0	88695.0	0.0	8404.0	5.0	42.0	25.0	55260.0	33451.0	1.65	55246.0	33441.0	1.65	2912.0	13813.0	3408.0	6936.0	3532.0	13860.0	13659.0	3535.0	6939.0	3263.0	13928.0	2926.0
SRR10141061	1.0	58863.0	0.0	53669.0	0.0	5194.0	4.0	27.0	15.0	35554.0	18122.0	1.96	35550.0	18111.0	1.96	1820.0	8772.0	1969.0	3129.0	2219.0	9071.0	8908.0	2188.0	3034.0	1871.0	8803.0	1892.0
SRR10141062	1.0	61592.0	0.0	56248.0	0.0	5345.0	2.0	24.0	11.0	37383.0	18871.0	1.98	37378.0	18866.0	1.98	1921.0	9365.0	2051.0	3141.0	2359.0	9378.0	9391.0	2308.0	3194.0	2019.0	9249.0	1878.0
SRR10141063	1.0	1340.0	0.0	1080.0	0.0	260.0	0.0	2.0	1.0	627.0	453.0	1.38	626.0	453.0	1.38	44.0	166.0	60.0	63.0	42.0	145.0	174.0	57.0	100.0	55.0	142.0	32.0
SRR10141064	1.0	68333.0	0.0	62757.0	0.0	5576.0	2.0	17.0	8.0	39835.0	22928.0	1.74	39832.0	22923.0	1.74	1995.0	9757.0	2010.0	5195.0	2346.0	9981.0	10111.0	2404.0	5018.0	1982.0	9986.0	1978.0
SRR10141065	1.0	76554.0	0.0	70722.0	0.0	5833.0	0.0	29.0	17.0	38874.0	31855.0	1.22	38865.0	31847.0	1.22	1852.0	9593.0	2120.0	9571.0	2356.0	9934.0	9776.0	2418.0	9555.0	2086.0	9571.0	1897.0
SRR10141066	1.0	89427.0	0.0	83201.0	0.0	6231.0	1.0	30.0	11.0	45219.0	37989.0	1.19	45213.0	37982.0	1.19	2348.0	11084.0	2608.0	11422.0	2884.0	11562.0	11397.0	2814.0	11114.0	2545.0	11176.0	2254.0
SRR10141067	1.0	42406.0	0.0	37155.0	0.0	5254.0	1.0	27.0	12.0	25193.0	11965.0	2.11	25192.0	11955.0	2.11	1368.0	6297.0	1197.0	1855.0	1546.0	6453.0	6234.0	1491.0	1947.0	1172.0	6209.0	1389.0
SRR10141068	1.0	91392.0	0.0	83421.0	0.0	7972.0	0.0	27.0	21.0	52176.0	31257.0	1.67	52167.0	31246.0	1.67	2870.0	12856.0	3786.0	5661.0	3363.0	13098.0	13042.0	3371.0	5587.0	3704.0	13180.0	2915.0
SRR10141069	1.0	1626.0	0.0	1281.0	0.0	345.0	0.0	7.0	1.0	786.0	495.0	1.59	785.0	495.0	1.59	52.0	215.0	68.0	62.0	41.0	186.0	157.0	77.0	102.0	66.0	228.0	27.0
SRR10141070	1.0	1738.0	0.0	1402.0	0.0	336.0	0.0	1.0	0.0	834.0	568.0	1.47	834.0	568.0	1.47	55.0	234.0	72.0	72.0	53.0	177.0	231.0	72.0	126.0	72.0	192.0	46.0
SRR10141071	1.0	87539.0	0.0	80904.0	0.0	6636.0	3.0	27.0	17.0	47944.0	32974.0	1.45	47941.0	32960.0	1.45	2508.0	12184.0	2695.0	8474.0	2952.0	11779.0	11892.0	2994.0	8225.0	2656.0	12089.0	2470.0
SRR10141072	1.0	1540.0	0.0	1229.0	0.0	311.0	0.0	3.0	0.0	789.0	440.0	1.79	789.0	440.0	1.79	39.0	231.0	51.0	42.0	43.0	156.0	180.0	81.0	71.0	75.0	222.0	38.0
SRR10141073	1.0	3196.0	0.0	2517.0	0.0	679.0	0.0	2.0	0.0	1426.0	1091.0	1.31	1426.0	1091.0	1.31	115.0	344.0	136.0	144.0	96.0	309.0	401.0	174.0	212.0	143.0	372.0	71.0
SRR10141074	1.0	895.0	0.0	718.0	0.0	177.0	0.0	1.0	0.0	403.0	315.0	1.28	403.0	315.0	1.28	22.0	120.0	46.0	56.0	38.0	68.0	116.0	35.0	60.0	41.0	99.0	17.0
SRR10141075	1.0	1525.0	0.0	1252.0	0.0	273.0	0.0	1.0	0.0	771.0	481.0	1.6	771.0	481.0	1.6	34.0	189.0	66.0	69.0	45.0	162.0	219.0	67.0	102.0	70.0	201.0	28.0
SRR10141076	1.0	3002.0	0.0	2092.0	0.0	910.0	0.0	1.0	1.0	1066.0	1026.0	1.04	1066.0	1025.0	1.04	140.0	280.0	117.0	115.0	78.0	220.0	276.0	162.0	224.0	123.0	290.0	67.0
SRR10141077	1.0	2875.0	0.0	2029.0	0.0	846.0	0.0	0.0	0.0	963.0	1066.0	0.9	963.0	1066.0	0.9	156.0	234.0	108.0	112.0	87.0	213.0	262.0	154.0	236.0	136.0	254.0	77.0
SRR10141078	1.0	2781.0	0.0	2214.0	0.0	567.0	0.0	4.0	0.0	1250.0	964.0	1.3	1250.0	964.0	1.3	109.0	288.0	140.0	119.0	91.0	304.0	359.0	127.0	197.0	112.0	299.0	69.0
SRR10141079	1.0	2588.0	0.0	1992.0	0.0	596.0	0.0	1.0	1.0	1182.0	811.0	1.46	1181.0	811.0	1.46	83.0	298.0	106.0	107.0	78.0	247.0	354.0	110.0	167.0	102.0	283.0	58.0
SRR10141080	1.0	3230.0	0.0	2541.0	0.0	689.0	0.0	1.0	0.0	1429.0	1112.0	1.29	1429.0	1112.0	1.29	117.0	344.0	143.0	160.0	107.0	320.0	414.0	145.0	222.0	149.0	351.0	69.0
SRR10141081	1.0	1663.0	0.0	1325.0	0.0	338.0	0.0	4.0	0.0	819.0	506.0	1.62	819.0	506.0	1.62	54.0	185.0	63.0	63.0	40.0	179.0	243.0	67.0	110.0	68.0	212.0	41.0
SRR10141082	1.0	896.0	0.0	716.0	0.0	180.0	0.0	2.0	0.0	465.0	251.0	1.85	465.0	251.0	1.85	21.0	96.0	36.0	37.0	22.0	106.0	151.0	33.0	52.0	32.0	112.0	18.0
SRR10141083	1.0	25773.0	0.0	24227.0	0.0	1547.0	0.0	7.0	4.0	14141.0	10089.0	1.4	14140.0	10085.0	1.4	714.0	3385.0	575.0	2931.0	846.0	3600.0	3681.0	913.0	2885.0	561.0	3475.0	664.0
SRR10141084	1.0	1002.0	0.0	808.0	0.0	194.0	1.0	3.0	0.0	529.0	279.0	1.9	529.0	279.0	1.9	24.0	137.0	43.0	38.0	26.0	102.0	163.0	29.0	57.0	32.0	127.0	30.0
SRR10141085	1.0	3507.0	0.0	2662.0	0.0	845.0	0.0	6.0	1.0	1420.0	1242.0	1.14	1420.0	1241.0	1.14	138.0	351.0	167.0	176.0	94.0	306.0	414.0	142.0	279.0	145.0	349.0	101.0
SRR10141086	1.0	1648.0	0.0	1329.0	0.0	319.0	1.0	3.0	0.0	770.0	559.0	1.38	770.0	559.0	1.38	54.0	205.0	70.0	79.0	43.0	142.0	213.0	62.0	120.0	83.0	210.0	48.0
SRR10141087	1.0	1533.0	0.0	1238.0	0.0	295.0	0.0	2.0	0.0	770.0	468.0	1.65	770.0	468.0	1.65	52.0	178.0	60.0	69.0	38.0	160.0	249.0	65.0	103.0	44.0	183.0	37.0
SRR10141088	1.0	2112.0	0.0	1701.0	0.0	411.0	0.0	3.0	0.0	981.0	720.0	1.36	981.0	720.0	1.36	79.0	209.0	85.0	112.0	67.0	227.0	327.0	83.0	150.0	88.0	218.0	56.0
SRR10141089	1.0	1885.0	0.0	1520.0	0.0	365.0	0.0	4.0	0.0	908.0	612.0	1.48	908.0	612.0	1.48	63.0	201.0	72.0	90.0	50.0	209.0	291.0	75.0	154.0	73.0	207.0	35.0
SRR10141090	1.0	1018.0	0.0	848.0	0.0	170.0	0.0	1.0	0.0	539.0	309.0	1.74	539.0	309.0	1.74	28.0	131.0	44.0	46.0	30.0	116.0	164.0	35.0	67.0	37.0	128.0	22.0
SRR10141091	1.0	4992.0	0.0	3693.0	0.0	1299.0	0.0	5.0	2.0	1941.0	1753.0	1.11	1941.0	1751.0	1.11	204.0	486.0	210.0	237.0	145.0	431.0	484.0	223.0	371.0	224.0	540.0	139.0
SRR10141092	1.0	1445.0	0.0	1175.0	0.0	270.0	1.0	2.0	0.0	686.0	489.0	1.4	686.0	489.0	1.4	46.0	176.0	68.0	68.0	52.0	164.0	153.0	61.0	87.0	62.0	193.0	45.0
SRR10141093	1.0	1532.0	0.0	1209.0	0.0	323.0	0.0	3.0	0.0	683.0	526.0	1.3	683.0	526.0	1.3	51.0	179.0	65.0	85.0	40.0	148.0	200.0	71.0	122.0	56.0	156.0	36.0
SRR10141094	1.0	1787.0	0.0	1433.0	0.0	354.0	0.0	3.0	1.0	801.0	633.0	1.27	801.0	632.0	1.27	66.0	177.0	72.0	83.0	52.0	166.0	232.0	82.0	131.0	98.0	226.0	49.0
SRR10141095	1.0	2811.0	0.0	2222.0	0.0	589.0	0.0	2.0	1.0	1288.0	934.0	1.38	1287.0	934.0	1.38	84.0	341.0	128.0	133.0	70.0	267.0	353.0	116.0	199.0	140.0	327.0	64.0
SRR10141096	1.0	1942.0	0.0	1545.0	0.0	397.0	1.0	5.0	1.0	916.0	629.0	1.46	915.0	629.0	1.45	66.0	239.0	95.0	84.0	55.0	208.0	241.0	67.0	129.0	76.0	228.0	57.0
SRR10141097	1.0	6182.0	0.0	4489.0	0.0	1693.0	0.0	4.0	0.0	2381.0	2108.0	1.13	2381.0	2108.0	1.13	281.0	632.0	249.0	259.0	177.0	495.0	625.0	288.0	451.0	261.0	629.0	142.0
SRR10141098	1.0	1380.0	0.0	1122.0	0.0	258.0	1.0	4.0	0.0	653.0	469.0	1.39	653.0	469.0	1.39	49.0	180.0	69.0	70.0	41.0	143.0	165.0	56.0	100.0	50.0	165.0	34.0
SRR10141099	1.0	1476.0	0.0	1182.0	0.0	294.0	0.0	3.0	1.0	692.0	491.0	1.41	691.0	491.0	1.41	48.0	184.0	64.0	65.0	40.0	143.0	186.0	65.0	126.0	48.0	179.0	35.0
SRR10141100	1.0	1432.0	0.0	1158.0	0.0	274.0	0.0	2.0	0.0	682.0	476.0	1.43	682.0	476.0	1.43	59.0	161.0	61.0	69.0	50.0	140.0	195.0	61.0	102.0	49.0	186.0	25.0
SRR10141101	1.0	2084.0	0.0	1703.0	0.0	381.0	0.0	2.0	0.0	951.0	752.0	1.26	951.0	752.0	1.26	80.0	243.0	97.0	105.0	62.0	205.0	238.0	94.0	184.0	82.0	265.0	48.0
SRR10141102	1.0	1815.0	0.0	1489.0	0.0	326.0	1.0	5.0	1.0	889.0	600.0	1.48	888.0	600.0	1.48	64.0	240.0	71.0	80.0	62.0	168.0	244.0	72.0	145.0	66.0	237.0	40.0
SRR10141103	1.0	1327.0	0.0	1063.0	0.0	264.0	0.0	3.0	0.0	627.0	436.0	1.44	627.0	436.0	1.44	37.0	156.0	58.0	67.0	44.0	133.0	156.0	49.0	90.0	49.0	182.0	42.0
SRR10141104	1.0	5903.0	0.0	4315.0	0.0	1588.0	1.0	5.0	1.0	2286.0	2029.0	1.13	2285.0	2029.0	1.13	261.0	628.0	245.0	263.0	151.0	491.0	560.0	294.0	422.0	237.0	607.0	156.0
SRR10141105	1.0	5585.0	0.0	4348.0	0.0	1237.0	0.0	9.0	1.0	2588.0	1760.0	1.47	2588.0	1759.0	1.47	191.0	661.0	193.0	217.0	136.0	571.0	696.0	269.0	380.0	253.0	660.0	121.0
SRR10141106	1.0	1052.0	0.0	866.0	0.0	186.0	0.0	3.0	0.0	514.0	352.0	1.46	514.0	352.0	1.46	36.0	137.0	49.0	45.0	35.0	97.0	126.0	41.0	77.0	43.0	154.0	26.0
SRR10141107	1.0	905.0	0.0	732.0	0.0	173.0	0.0	2.0	0.0	457.0	275.0	1.66	457.0	275.0	1.66	38.0	113.0	30.0	36.0	28.0	94.0	121.0	36.0	57.0	25.0	129.0	25.0
SRR10141108	1.0	1127.0	0.0	908.0	0.0	219.0	0.0	3.0	0.0	542.0	366.0	1.48	542.0	366.0	1.48	49.0	146.0	45.0	54.0	41.0	108.0	141.0	36.0	71.0	47.0	147.0	23.0
SRR10141109	1.0	1477.0	0.0	1211.0	0.0	266.0	0.0	3.0	1.0	737.0	474.0	1.55	736.0	474.0	1.55	51.0	198.0	71.0	63.0	48.0	150.0	183.0	54.0	103.0	44.0	206.0	40.0
SRR10141110	1.0	1105.0	0.0	891.0	0.0	214.0	0.0	0.0	0.0	511.0	380.0	1.34	511.0	380.0	1.34	43.0	121.0	56.0	48.0	43.0	100.0	150.0	46.0	88.0	29.0	140.0	27.0
SRR10141111	1.0	1257.0	0.0	1030.0	0.0	227.0	0.0	1.0	0.0	628.0	402.0	1.56	628.0	402.0	1.56	38.0	173.0	52.0	60.0	43.0	130.0	162.0	47.0	77.0	48.0	163.0	37.0
SRR10141112	1.0	1804.0	0.0	1448.0	0.0	356.0	1.0	3.0	0.0	822.0	626.0	1.31	822.0	626.0	1.31	61.0	196.0	72.0	97.0	67.0	176.0	240.0	81.0	134.0	74.0	210.0	40.0
SRR10141113	1.0	1211.0	0.0	965.0	0.0	246.0	0.0	1.0	0.0	548.0	417.0	1.31	548.0	417.0	1.31	39.0	135.0	46.0	72.0	48.0	130.0	133.0	54.0	80.0	44.0	150.0	34.0
SRR10141114	1.0	1806.0	0.0	1432.0	0.0	374.0	0.0	1.0	0.0	816.0	616.0	1.32	816.0	616.0	1.32	88.0	218.0	70.0	72.0	50.0	187.0	181.0	79.0	128.0	77.0	230.0	52.0
SRR10141115	1.0	988.0	0.0	820.0	0.0	168.0	0.0	2.0	0.0	480.0	340.0	1.41	480.0	340.0	1.41	32.0	136.0	56.0	38.0	47.0	92.0	124.0	38.0	70.0	36.0	128.0	23.0
SRR10141116	1.0	5898.0	0.0	4328.0	0.0	1570.0	0.0	4.0	1.0	2320.0	2009.0	1.15	2320.0	2008.0	1.16	253.0	619.0	252.0	224.0	174.0	461.0	603.0	282.0	426.0	246.0	637.0	152.0
SRR10141117	1.0	5075.0	0.0	3702.0	0.0	1373.0	0.0	2.0	1.0	1954.0	1749.0	1.12	1954.0	1748.0	1.12	217.0	530.0	242.0	206.0	137.0	431.0	467.0	241.0	359.0	223.0	526.0	124.0
SRR10141118	1.0	1635.0	0.0	1312.0	0.0	323.0	0.0	2.0	1.0	757.0	555.0	1.36	756.0	555.0	1.36	61.0	190.0	80.0	84.0	44.0	147.0	221.0	65.0	117.0	66.0	199.0	38.0
SRR10141119	1.0	1346.0	0.0	1066.0	0.0	280.0	0.0	3.0	0.0	612.0	454.0	1.35	612.0	454.0	1.35	48.0	161.0	49.0	66.0	41.0	122.0	172.0	64.0	91.0	64.0	157.0	31.0
