	15.0	16.0	17.0	18.0	19.0	20.0	21.0	22.0	23.0	24.0	25.0	26.0	27.0	28.0	29.0	30.0	31.0	32.0	33.0	34.0	35.0
SRR10141021_1	1.0	13.0	77.0	371.0	890.0	1733.0	2721.0	4008.0	5639.0	8001.0	11195.0	15460.0	20502.0	27161.0	35757.0	49805.0	73971.0	124875.0	261969.0	706202.0	463230.0
	12.0	13.0	14.0	15.0	16.0	17.0	18.0	19.0	20.0	21.0	22.0	23.0	24.0	25.0	26.0	27.0	28.0	29.0	30.0	31.0	32.0	33.0	34.0	35.0
SRR10141021_2	1.0	0.0	192.0	666.0	960.0	1371.0	1851.0	2884.0	4238.0	6036.0	8092.0	11341.0	15507.0	20456.0	26257.0	33452.0	43105.0	55503.0	75249.0	108792.0	175621.0	326958.0	631714.0	263335.0
	16.0	17.0	18.0	19.0	20.0	21.0	22.0	23.0	24.0	25.0	26.0	27.0	28.0	29.0	30.0	31.0	32.0	33.0	34.0	35.0
SRR10141022_1	7.0	65.0	198.0	502.0	1057.0	1772.0	2589.0	3947.0	5973.0	8638.0	12540.0	16822.0	22068.0	28829.0	38758.0	55540.0	90672.0	185838.0	556247.0	324979.0
	14.0	15.0	16.0	17.0	18.0	19.0	20.0	21.0	22.0	23.0	24.0	25.0	26.0	27.0	28.0	29.0	30.0	31.0	32.0	33.0	34.0	35.0
SRR10141022_2	68.0	261.0	470.0	911.0	1622.0	2540.0	3489.0	4412.0	5706.0	7466.0	10202.0	13719.0	17297.0	21629.0	27022.0	34197.0	43612.0	60089.0	90811.0	162657.0	405545.0	443316.0
	15.0	16.0	17.0	18.0	19.0	20.0	21.0	22.0	23.0	24.0	25.0	26.0	27.0	28.0	29.0	30.0	31.0	32.0	33.0	34.0	35.0
SRR10141023_1	3.0	23.0	147.0	712.0	1583.0	2333.0	3238.0	4098.0	5420.0	7155.0	9583.0	12433.0	16280.0	20860.0	26688.0	35867.0	52901.0	88411.0	195365.0	597234.0	426670.0
	2.0	3.0	4.0	5.0	6.0	7.0	8.0	9.0	10.0	11.0	12.0	13.0	14.0	15.0	16.0	17.0	18.0	19.0	20.0	21.0	22.0	23.0	24.0	25.0	26.0	27.0	28.0	29.0	30.0	31.0	32.0	33.0	34.0	35.0
SRR10141023_2	171.0	37.0	17.0	8.0	15.0	9.0	7.0	10.0	12.0	5.0	6.0	24.0	281.0	747.0	1389.0	2523.0	4242.0	6065.0	7436.0	8334.0	9153.0	10594.0	12638.0	14947.0	18650.0	22196.0	27025.0	34346.0	44746.0	63193.0	100316.0	199152.0	532365.0	386345.0
	15.0	16.0	17.0	18.0	19.0	20.0	21.0	22.0	23.0	24.0	25.0	26.0	27.0	28.0	29.0	30.0	31.0	32.0	33.0	34.0	35.0
SRR10141024_1	6.0	16.0	141.0	525.0	1245.0	1932.0	2704.0	3682.0	4789.0	6612.0	8903.0	12096.0	15885.0	20138.0	26252.0	34052.0	47759.0	74764.0	151173.0	499209.0	472907.0
	2.0	3.0	4.0	5.0	6.0	7.0	8.0	9.0	10.0	11.0	12.0	13.0	14.0	15.0	16.0	17.0	18.0	19.0	20.0	21.0	22.0	23.0	24.0	25.0	26.0	27.0	28.0	29.0	30.0	31.0	32.0	33.0	34.0	35.0
SRR10141024_2	400.0	55.0	65.0	57.0	38.0	44.0	39.0	27.0	30.0	27.0	25.0	38.0	605.0	1711.0	1999.0	2742.0	4057.0	5694.0	6903.0	7928.0	8858.0	10386.0	12246.0	14913.0	17605.0	21188.0	25364.0	31416.0	39727.0	53623.0	79390.0	140654.0	377377.0	519559.0
	14.0	15.0	16.0	17.0	18.0	19.0	20.0	21.0	22.0	23.0	24.0	25.0	26.0	27.0	28.0	29.0	30.0	31.0	32.0	33.0	34.0	35.0
SRR10141025_1	1.0	3.0	20.0	174.0	761.0	1677.0	2534.0	3538.0	4690.0	6106.0	7943.0	10644.0	13635.0	18051.0	23012.0	30072.0	40574.0	59196.0	99442.0	216263.0	613838.0	369887.0
	2.0	3.0	4.0	5.0	6.0	7.0	8.0	9.0	10.0	11.0	12.0	13.0	14.0	15.0	16.0	17.0	18.0	19.0	20.0	21.0	22.0	23.0	24.0	25.0	26.0	27.0	28.0	29.0	30.0	31.0	32.0	33.0	34.0	35.0
SRR10141025_2	190.0	37.0	21.0	16.0	17.0	24.0	11.0	19.0	5.0	16.0	7.0	6.0	276.0	832.0	1315.0	1935.0	3021.0	4331.0	5804.0	7109.0	8514.0	10338.0	12571.0	15744.0	19060.0	23403.0	28720.0	36000.0	47511.0	67425.0	107987.0	216430.0	563519.0	339847.0
	15.0	16.0	17.0	18.0	19.0	20.0	21.0	22.0	23.0	24.0	25.0	26.0	27.0	28.0	29.0	30.0	31.0	32.0	33.0	34.0	35.0
SRR10141026_1	16.0	42.0	245.0	966.0	2161.0	3388.0	4655.0	6012.0	7614.0	10194.0	13584.0	17795.0	22944.0	29261.0	37889.0	51268.0	73727.0	122496.0	260020.0	759200.0	490332.0
	2.0	3.0	4.0	5.0	6.0	7.0	8.0	9.0	10.0	11.0	12.0	13.0	14.0	15.0	16.0	17.0	18.0	19.0	20.0	21.0	22.0	23.0	24.0	25.0	26.0	27.0	28.0	29.0	30.0	31.0	32.0	33.0	34.0	35.0
SRR10141026_2	247.0	46.0	36.0	21.0	18.0	15.0	20.0	16.0	18.0	12.0	16.0	12.0	441.0	1389.0	2058.0	2898.0	4070.0	5389.0	7045.0	8470.0	10417.0	12704.0	15649.0	19206.0	23734.0	29088.0	35670.0	44567.0	58199.0	81447.0	130189.0	259172.0	700762.0	460768.0
	16.0	17.0	18.0	19.0	20.0	21.0	22.0	23.0	24.0	25.0	26.0	27.0	28.0	29.0	30.0	31.0	32.0	33.0	34.0	35.0
SRR10141027_1	12.0	79.0	306.0	742.0	1569.0	2500.0	3805.0	5825.0	8733.0	13269.0	18672.0	25307.0	33404.0	43775.0	58348.0	84872.0	141006.0	305718.0	871069.0	444668.0
	4.0	5.0	6.0	7.0	8.0	9.0	10.0	11.0	12.0	13.0	14.0	15.0	16.0	17.0	18.0	19.0	20.0	21.0	22.0	23.0	24.0	25.0	26.0	27.0	28.0	29.0	30.0	31.0	32.0	33.0	34.0	35.0
SRR10141027_2	1.0	2.0	59.0	215.0	233.0	187.0	120.0	109.0	80.0	79.0	212.0	514.0	778.0	1153.0	1703.0	2574.0	3721.0	5032.0	7077.0	10104.0	14023.0	19232.0	25269.0	32652.0	41532.0	53081.0	70234.0	99505.0	155846.0	294182.0	738419.0	485751.0
	14.0	15.0	16.0	17.0	18.0	19.0	20.0	21.0	22.0	23.0	24.0	25.0	26.0	27.0	28.0	29.0	30.0	31.0	32.0	33.0	34.0	35.0
SRR10141028_1	1.0	3.0	26.0	138.0	529.0	1155.0	1932.0	2671.0	3498.0	4641.0	6403.0	8661.0	11915.0	15623.0	20263.0	26294.0	34612.0	48405.0	77149.0	156369.0	500707.0	421624.0
	2.0	3.0	4.0	5.0	6.0	7.0	8.0	9.0	10.0	11.0	12.0	13.0	14.0	15.0	16.0	17.0	18.0	19.0	20.0	21.0	22.0	23.0	24.0	25.0	26.0	27.0	28.0	29.0	30.0	31.0	32.0	33.0	34.0	35.0
SRR10141028_2	368.0	59.0	58.0	46.0	44.0	38.0	37.0	28.0	43.0	37.0	28.0	34.0	344.0	984.0	1343.0	2306.0	3788.0	5609.0	6679.0	7415.0	8436.0	9699.0	11855.0	14253.0	17493.0	20664.0	25428.0	31813.0	39946.0	54802.0	81992.0	147916.0	381784.0	467250.0
	9.0	10.0	11.0	12.0	13.0	14.0	15.0	16.0	17.0	18.0	19.0	20.0	21.0	22.0	23.0	24.0	25.0	26.0	27.0	28.0	29.0	30.0	31.0	32.0	33.0	34.0	35.0
SRR10141029_1	1.0	1.0	2.0	4.0	0.0	1.0	6.0	20.0	145.0	671.0	1555.0	2878.0	4509.0	5814.0	7502.0	10243.0	14254.0	19657.0	26665.0	35123.0	45477.0	60317.0	84447.0	133490.0	257132.0	688065.0	495454.0
	2.0	3.0	4.0	5.0	6.0	7.0	8.0	9.0	10.0	11.0	12.0	13.0	14.0	15.0	16.0	17.0	18.0	19.0	20.0	21.0	22.0	23.0	24.0	25.0	26.0	27.0	28.0	29.0	30.0	31.0	32.0	33.0	34.0	35.0
SRR10141029_2	111.0	120.0	251.0	174.0	145.0	140.0	124.0	100.0	109.0	107.0	123.0	91.0	711.0	2119.0	2553.0	3502.0	4912.0	7065.0	9076.0	10835.0	12697.0	15056.0	18291.0	22786.0	28305.0	35014.0	43224.0	54663.0	70094.0	95532.0	143339.0	250068.0	572765.0	489231.0
	14.0	15.0	16.0	17.0	18.0	19.0	20.0	21.0	22.0	23.0	24.0	25.0	26.0	27.0	28.0	29.0	30.0	31.0	32.0	33.0	34.0	35.0	36.0	37.0	38.0
SRR10141030_1	1.0	1.0	1.0	4.0	2.0	8.0	30.0	106.0	308.0	616.0	1235.0	1902.0	3705.0	9620.0	12188.0	7969.0	5685.0	5698.0	6910.0	9285.0	11276.0	15525.0	25725.0	68526.0	254482.0
	14.0	15.0	16.0	17.0	18.0	19.0	20.0	21.0	22.0	23.0	24.0	25.0	26.0	27.0	28.0	29.0	30.0	31.0	32.0	33.0	34.0	35.0	36.0	37.0	38.0
SRR10141030_2	11.0	147.0	1533.0	7973.0	10538.0	7402.0	4532.0	2477.0	1588.0	1388.0	1515.0	1910.0	2459.0	3010.0	3764.0	4499.0	5340.0	6816.0	8119.0	8916.0	12104.0	17436.0	29579.0	81072.0	216680.0
	14.0	15.0	16.0	17.0	18.0	19.0	20.0	21.0	22.0	23.0	24.0	25.0	26.0	27.0	28.0	29.0	30.0	31.0	32.0	33.0	34.0	35.0
SRR10141031_1	1.0	3.0	20.0	166.0	628.0	1279.0	2061.0	2997.0	4093.0	5556.0	7213.0	9329.0	11985.0	15136.0	18664.0	23207.0	29791.0	41374.0	64844.0	126514.0	378965.0	494886.0
	2.0	3.0	4.0	5.0	6.0	7.0	8.0	9.0	10.0	11.0	12.0	13.0	14.0	15.0	16.0	17.0	18.0	19.0	20.0	21.0	22.0	23.0	24.0	25.0	26.0	27.0	28.0	29.0	30.0	31.0	32.0	33.0	34.0	35.0
SRR10141031_2	225.0	19.0	28.0	20.0	12.0	8.0	15.0	15.0	3.0	12.0	9.0	9.0	221.0	558.0	733.0	1236.0	2309.0	3575.0	5210.0	6786.0	9033.0	11233.0	13684.0	16685.0	19856.0	24103.0	29918.0	36584.0	47584.0	65287.0	97231.0	164750.0	342725.0	339036.0
	15.0	16.0	17.0	18.0	19.0	20.0	21.0	22.0	23.0	24.0	25.0	26.0	27.0	28.0	29.0	30.0	31.0	32.0	33.0	34.0	35.0
SRR10141032_1	6.0	33.0	235.0	924.0	1939.0	3193.0	4542.0	6561.0	9223.0	13007.0	17729.0	23402.0	30869.0	39895.0	51992.0	69876.0	99938.0	159855.0	301645.0	603387.0	377443.0
	2.0	3.0	4.0	5.0	6.0	7.0	8.0	9.0	10.0	11.0	12.0	13.0	14.0	15.0	16.0	17.0	18.0	19.0	20.0	21.0	22.0	23.0	24.0	25.0	26.0	27.0	28.0	29.0	30.0	31.0	32.0	33.0	34.0	35.0
SRR10141032_2	35.0	11.0	6.0	9.0	4.0	3.0	1.0	2.0	7.0	3.0	7.0	9.0	388.0	1213.0	1905.0	2717.0	3962.0	5631.0	8115.0	10575.0	14216.0	18303.0	23169.0	28624.0	35546.0	43921.0	54354.0	68331.0	89223.0	122385.0	180461.0	290112.0	483067.0	329379.0
	2.0	3.0	4.0	5.0	6.0	7.0	8.0	9.0	10.0	11.0	12.0	13.0	14.0	15.0	16.0	17.0	18.0	19.0	20.0	21.0	22.0	23.0	24.0	25.0	26.0	27.0	28.0	29.0	30.0	31.0	32.0	33.0	34.0	35.0	36.0	37.0
SRR10141033_1	297.0	0.0	0.0	0.0	0.0	0.0	0.0	0.0	0.0	0.0	0.0	3.0	7.0	13.0	37.0	88.0	173.0	338.0	616.0	971.0	1393.0	1785.0	2187.0	2668.0	3007.0	3425.0	4186.0	5412.0	7240.0	9691.0	13267.0	18460.0	27357.0	43665.0	84270.0	1140295.0
	2.0	3.0	4.0	5.0	6.0	7.0	8.0	9.0	10.0	11.0	12.0	13.0	14.0	15.0	16.0	17.0	18.0	19.0	20.0	21.0	22.0	23.0	24.0	25.0	26.0	27.0	28.0	29.0	30.0	31.0	32.0	33.0	34.0	35.0	36.0	37.0
SRR10141033_2	282.0	0.0	0.0	0.0	0.0	0.0	0.0	0.0	2.0	17.0	52.0	164.0	485.0	973.0	1593.0	2078.0	2473.0	2504.0	2590.0	2642.0	2896.0	3068.0	3551.0	3837.0	4642.0	5571.0	6452.0	7782.0	9664.0	12321.0	15846.0	21471.0	30769.0	48444.0	97166.0	1081516.0
	2.0	3.0	4.0	5.0	6.0	7.0	8.0	9.0	10.0	11.0	12.0	13.0	14.0	15.0	16.0	17.0	18.0	19.0	20.0	21.0	22.0	23.0	24.0	25.0	26.0	27.0	28.0	29.0	30.0	31.0	32.0	33.0	34.0	35.0	36.0	37.0
SRR10141034_1	226.0	0.0	0.0	0.0	0.0	0.0	0.0	0.0	0.0	0.0	0.0	0.0	2.0	7.0	21.0	33.0	107.0	221.0	416.0	669.0	921.0	1292.0	1642.0	1913.0	2394.0	2806.0	3677.0	4482.0	6175.0	8416.0	11571.0	16114.0	23633.0	37737.0	73420.0	967574.0
	2.0	3.0	4.0	5.0	6.0	7.0	8.0	9.0	10.0	11.0	12.0	13.0	14.0	15.0	16.0	17.0	18.0	19.0	20.0	21.0	22.0	23.0	24.0	25.0	26.0	27.0	28.0	29.0	30.0	31.0	32.0	33.0	34.0	35.0	36.0	37.0
SRR10141034_2	184.0	0.0	0.0	0.0	0.0	0.0	0.0	0.0	0.0	1.0	22.0	51.0	263.0	517.0	892.0	1263.0	1500.0	1833.0	1943.0	2054.0	2256.0	2428.0	2888.0	3320.0	3722.0	4492.0	5208.0	6382.0	8089.0	9994.0	13287.0	17511.0	25114.0	40035.0	80996.0	929224.0
	15.0	16.0	17.0	18.0	19.0	20.0	21.0	22.0	23.0	24.0	25.0	26.0	27.0	28.0	29.0	30.0	31.0	32.0	33.0	34.0	35.0
SRR10141035_1	2.0	15.0	180.0	636.0	1263.0	1988.0	2832.0	4146.0	5779.0	7940.0	10559.0	13864.0	17720.0	22498.0	29015.0	38064.0	53020.0	81767.0	151134.0	367480.0	410157.0
	2.0	3.0	4.0	5.0	6.0	7.0	8.0	9.0	10.0	11.0	12.0	13.0	14.0	15.0	16.0	17.0	18.0	19.0	20.0	21.0	22.0	23.0	24.0	25.0	26.0	27.0	28.0	29.0	30.0	31.0	32.0	33.0	34.0	35.0
SRR10141035_2	320.0	66.0	75.0	33.0	20.0	39.0	25.0	20.0	19.0	13.0	17.0	9.0	488.0	1043.0	1412.0	2115.0	2951.0	4085.0	5511.0	7018.0	8770.0	10569.0	12798.0	15718.0	18700.0	22294.0	27248.0	33911.0	43010.0	58065.0	85012.0	144427.0	325368.0	388890.0
	15.0	16.0	17.0	18.0	19.0	20.0	21.0	22.0	23.0	24.0	25.0	26.0	27.0	28.0	29.0	30.0	31.0	32.0	33.0	34.0	35.0
SRR10141036_1	1.0	20.0	329.0	1199.0	2314.0	3620.0	5391.0	7668.0	10626.0	14853.0	20869.0	28593.0	37656.0	49345.0	65313.0	87532.0	122155.0	188765.0	337797.0	701767.0	538538.0
	6.0	7.0	8.0	9.0	10.0	11.0	12.0	13.0	14.0	15.0	16.0	17.0	18.0	19.0	20.0	21.0	22.0	23.0	24.0	25.0	26.0	27.0	28.0	29.0	30.0	31.0	32.0	33.0	34.0	35.0
SRR10141036_2	2.0	1.0	1.0	4.0	4.0	12.0	10.0	10.0	656.0	1712.0	2399.0	3240.0	4631.0	6448.0	9011.0	11778.0	14952.0	18416.0	22550.0	28035.0	34510.0	41541.0	51266.0	64824.0	84490.0	114238.0	169538.0	290281.0	645349.0	604442.0
	14.0	15.0	16.0	17.0	18.0	19.0	20.0	21.0	22.0	23.0	24.0	25.0	26.0	27.0	28.0	29.0	30.0	31.0	32.0	33.0	34.0	35.0
SRR10141037_1	1.0	7.0	27.0	249.0	979.0	2128.0	3301.0	4724.0	6468.0	8961.0	12443.0	16759.0	22467.0	28592.0	36521.0	46141.0	59633.0	81808.0	122818.0	229585.0	612717.0	750762.0
	2.0	3.0	4.0	5.0	6.0	7.0	8.0	9.0	10.0	11.0	12.0	13.0	14.0	15.0	16.0	17.0	18.0	19.0	20.0	21.0	22.0	23.0	24.0	25.0	26.0	27.0	28.0	29.0	30.0	31.0	32.0	33.0	34.0	35.0
SRR10141037_2	455.0	38.0	30.0	29.0	18.0	15.0	15.0	11.0	10.0	22.0	14.0	15.0	535.0	1213.0	1657.0	2798.0	4474.0	6445.0	8577.0	10725.0	13088.0	16288.0	20048.0	24476.0	29690.0	35325.0	42808.0	51599.0	64155.0	84452.0	121780.0	209467.0	525529.0	771290.0
	15.0	16.0	17.0	18.0	19.0	20.0	21.0	22.0	23.0	24.0	25.0	26.0	27.0	28.0	29.0	30.0	31.0	32.0	33.0	34.0	35.0
SRR10141038_1	10.0	30.0	355.0	1317.0	2761.0	4473.0	6376.0	8442.0	11225.0	15019.0	19878.0	26350.0	33349.0	42238.0	53625.0	69873.0	95490.0	146259.0	273837.0	727899.0	789372.0
	2.0	3.0	4.0	5.0	6.0	7.0	8.0	9.0	10.0	11.0	12.0	13.0	14.0	15.0	16.0	17.0	18.0	19.0	20.0	21.0	22.0	23.0	24.0	25.0	26.0	27.0	28.0	29.0	30.0	31.0	32.0	33.0	34.0	35.0
SRR10141038_2	546.0	50.0	32.0	27.0	15.0	14.0	21.0	14.0	13.0	22.0	15.0	24.0	611.0	1407.0	1653.0	2589.0	4534.0	7031.0	9866.0	12933.0	15869.0	19368.0	23760.0	28598.0	34234.0	41506.0	49722.0	61460.0	78497.0	105160.0	156525.0	270814.0	636476.0	764772.0
	16.0	17.0	18.0	19.0	20.0	21.0	22.0	23.0	24.0	25.0	26.0	27.0	28.0	29.0	30.0	31.0	32.0	33.0	34.0	35.0	36.0	37.0	38.0
SRR10141039_1	5.0	8.0	24.0	65.0	239.0	580.0	930.0	1237.0	1685.0	2187.0	3030.0	3887.0	4840.0	6182.0	7727.0	9498.0	11953.0	15582.0	20360.0	28827.0	48351.0	139608.0	826092.0
	13.0	14.0	15.0	16.0	17.0	18.0	19.0	20.0	21.0	22.0	23.0	24.0	25.0	26.0	27.0	28.0	29.0	30.0	31.0	32.0	33.0	34.0	35.0	36.0	37.0	38.0
SRR10141039_2	1.0	6.0	68.0	244.0	553.0	1146.0	1844.0	2469.0	2890.0	3394.0	3991.0	4603.0	5482.0	6287.0	7407.0	8658.0	10037.0	11802.0	14119.0	16870.0	20992.0	27465.0	39918.0	70908.0	225711.0	646032.0
	16.0	17.0	18.0	19.0	20.0	21.0	22.0	23.0	24.0	25.0	26.0	27.0	28.0	29.0	30.0	31.0	32.0	33.0	34.0	35.0	36.0	37.0	38.0
SRR10141040_1	2.0	9.0	25.0	104.0	355.0	752.0	1205.0	1796.0	2420.0	3212.0	4436.0	5728.0	7197.0	8918.0	11190.0	14079.0	17367.0	22091.0	29540.0	41903.0	70040.0	198727.0	1046605.0
	14.0	15.0	16.0	17.0	18.0	19.0	20.0	21.0	22.0	23.0	24.0	25.0	26.0	27.0	28.0	29.0	30.0	31.0	32.0	33.0	34.0	35.0	36.0	37.0	38.0
SRR10141040_2	3.0	69.0	274.0	817.0	1453.0	2342.0	3179.0	3680.0	4374.0	4856.0	5886.0	6897.0	7890.0	9444.0	11106.0	12874.0	15289.0	18237.0	21914.0	27790.0	36505.0	53087.0	92749.0	285253.0	861733.0
	14.0	15.0	16.0	17.0	18.0	19.0	20.0	21.0	22.0	23.0	24.0	25.0	26.0	27.0	28.0	29.0	30.0	31.0	32.0	33.0	34.0	35.0	36.0	37.0	38.0
SRR10141041_1	1.0	2.0	6.0	10.0	7.0	32.0	89.0	306.0	831.0	1326.0	1997.0	3216.0	5376.0	12225.0	14591.0	11214.0	9979.0	10914.0	14576.0	20440.0	19756.0	25965.0	42013.0	110015.0	417983.0
	12.0	13.0	14.0	15.0	16.0	17.0	18.0	19.0	20.0	21.0	22.0	23.0	24.0	25.0	26.0	27.0	28.0	29.0	30.0	31.0	32.0	33.0	34.0	35.0	36.0	37.0	38.0
SRR10141041_2	1.0	1.0	7.0	126.0	1385.0	7824.0	10370.0	7581.0	5611.0	3473.0	2097.0	2012.0	2501.0	3326.0	4651.0	5914.0	7333.0	8840.0	10689.0	15049.0	17318.0	15476.0	19780.0	28604.0	48403.0	132537.0	361961.0
	15.0	16.0	17.0	18.0	19.0	20.0	21.0	22.0	23.0	24.0	25.0	26.0	27.0	28.0	29.0	30.0	31.0	32.0	33.0	34.0	35.0	36.0	37.0	38.0
SRR10141042_1	1.0	1.0	12.0	17.0	92.0	190.0	500.0	741.0	1078.0	1424.0	1942.0	2591.0	3306.0	4220.0	5249.0	6616.0	8482.0	10448.0	13434.0	17957.0	25043.0	41825.0	119440.0	719636.0
	13.0	14.0	15.0	16.0	17.0	18.0	19.0	20.0	21.0	22.0	23.0	24.0	25.0	26.0	27.0	28.0	29.0	30.0	31.0	32.0	33.0	34.0	35.0	36.0	37.0	38.0
SRR10141042_2	1.0	9.0	71.0	198.0	447.0	828.0	1371.0	1881.0	2398.0	2882.0	3453.0	4293.0	5087.0	5721.0	6908.0	7961.0	9437.0	10909.0	12938.0	15393.0	19278.0	25006.0	35821.0	63086.0	196142.0	552726.0
	14.0	15.0	16.0	17.0	18.0	19.0	20.0	21.0	22.0	23.0	24.0	25.0	26.0	27.0	28.0	29.0	30.0	31.0	32.0	33.0	34.0	35.0	36.0	37.0	38.0	39.0
SRR10141043_1	1.0	4.0	81.0	182.0	99.0	106.0	117.0	196.0	511.0	1128.0	1832.0	2436.0	3130.0	3945.0	5105.0	6373.0	7993.0	9899.0	12284.0	15887.0	20489.0	28363.0	42674.0	79048.0	297122.0	1154275.0
	2.0	3.0	4.0	5.0	6.0	7.0	8.0	9.0	10.0	11.0	12.0	13.0	14.0	15.0	16.0	17.0	18.0	19.0	20.0	21.0	22.0	23.0	24.0	25.0	26.0	27.0	28.0	29.0	30.0	31.0	32.0	33.0	34.0	35.0	36.0	37.0	38.0	39.0
SRR10141043_2	6.0	13.0	17.0	21.0	30.0	19.0	27.0	26.0	23.0	31.0	27.0	19.0	24.0	18.0	79.0	169.0	212.0	318.0	609.0	1229.0	2065.0	2959.0	3632.0	4439.0	5206.0	5910.0	6850.0	8102.0	9633.0	11463.0	13731.0	17583.0	23212.0	31701.0	48680.0	98819.0	420508.0	975870.0
	15.0	16.0	17.0	18.0	19.0	20.0	21.0	22.0	23.0	24.0	25.0	26.0	27.0	28.0	29.0	30.0	31.0	32.0	33.0	34.0	35.0	36.0	37.0	38.0	39.0
SRR10141044_1	5.0	87.0	120.0	68.0	86.0	96.0	155.0	427.0	861.0	1505.0	2020.0	2629.0	3259.0	4006.0	5084.0	6270.0	8043.0	10047.0	12612.0	16539.0	22937.0	33912.0	64058.0	239771.0	890263.0
	2.0	3.0	4.0	5.0	6.0	7.0	8.0	9.0	10.0	11.0	12.0	13.0	14.0	15.0	16.0	17.0	18.0	19.0	20.0	21.0	22.0	23.0	24.0	25.0	26.0	27.0	28.0	29.0	30.0	31.0	32.0	33.0	34.0	35.0	36.0	37.0	38.0	39.0
SRR10141044_2	4.0	13.0	14.0	20.0	15.0	17.0	25.0	26.0	21.0	17.0	11.0	21.0	19.0	27.0	87.0	195.0	269.0	556.0	1168.0	2113.0	3114.0	4162.0	4952.0	5637.0	6402.0	7197.0	8062.0	9545.0	10793.0	13084.0	15990.0	19445.0	24953.0	35539.0	59322.0	142003.0	503952.0	446070.0
	15.0	16.0	17.0	18.0	19.0	20.0	21.0	22.0	23.0	24.0	25.0	26.0	27.0	28.0	29.0	30.0	31.0	32.0	33.0	34.0	35.0	36.0	37.0	38.0	39.0
SRR10141045_1	5.0	98.0	119.0	107.0	90.0	112.0	208.0	472.0	1083.0	1708.0	2308.0	3024.0	3693.0	4798.0	5937.0	7438.0	9358.0	11743.0	14889.0	19587.0	26530.0	39974.0	74172.0	274079.0	1040936.0
	2.0	3.0	4.0	5.0	6.0	7.0	8.0	9.0	10.0	11.0	12.0	13.0	14.0	15.0	16.0	17.0	18.0	19.0	20.0	21.0	22.0	23.0	24.0	25.0	26.0	27.0	28.0	29.0	30.0	31.0	32.0	33.0	34.0	35.0	36.0	37.0	38.0	39.0
SRR10141045_2	12.0	10.0	9.0	28.0	11.0	18.0	23.0	33.0	22.0	22.0	23.0	22.0	19.0	41.0	171.0	327.0	262.0	374.0	816.0	1465.0	2352.0	3235.0	4002.0	4826.0	5526.0	6350.0	7191.0	8339.0	9856.0	11860.0	14181.0	17734.0	23201.0	31262.0	48307.0	98725.0	416152.0	825661.0
	15.0	16.0	17.0	18.0	19.0	20.0	21.0	22.0	23.0	24.0	25.0	26.0	27.0	28.0	29.0	30.0	31.0	32.0	33.0	34.0	35.0
SRR10141046_1	1.0	26.0	211.0	903.0	1774.0	2801.0	4169.0	5497.0	7049.0	9429.0	12520.0	16057.0	20311.0	26141.0	32703.0	42127.0	56977.0	84898.0	156495.0	405656.0	464759.0
	13.0	14.0	15.0	16.0	17.0	18.0	19.0	20.0	21.0	22.0	23.0	24.0	25.0	26.0	27.0	28.0	29.0	30.0	31.0	32.0	33.0	34.0	35.0
SRR10141046_2	1.0	336.0	832.0	992.0	1723.0	2921.0	4645.0	6492.0	8405.0	10456.0	13006.0	15708.0	18971.0	22273.0	26661.0	32340.0	39109.0	48596.0	63862.0	89692.0	146466.0	321919.0	475098.0
	15.0	16.0	17.0	18.0	19.0	20.0	21.0	22.0	23.0	24.0	25.0	26.0	27.0	28.0	29.0	30.0	31.0	32.0	33.0	34.0	35.0
SRR10141047_1	1.0	30.0	266.0	1153.0	2281.0	3291.0	4868.0	6832.0	9336.0	12694.0	17148.0	22508.0	28926.0	36308.0	45884.0	59210.0	81313.0	121683.0	223339.0	554855.0	562462.0
	10.0	11.0	12.0	13.0	14.0	15.0	16.0	17.0	18.0	19.0	20.0	21.0	22.0	23.0	24.0	25.0	26.0	27.0	28.0	29.0	30.0	31.0	32.0	33.0	34.0	35.0
SRR10141047_2	1.0	0.0	0.0	4.0	342.0	999.0	1293.0	2099.0	3679.0	5759.0	7893.0	10193.0	12389.0	15304.0	18818.0	23168.0	27483.0	32755.0	38792.0	47323.0	58906.0	76763.0	109322.0	181625.0	431148.0	688330.0
	15.0	16.0	17.0	18.0	19.0	20.0	21.0	22.0	23.0	24.0	25.0	26.0	27.0	28.0	29.0	30.0	31.0	32.0	33.0	34.0	35.0	36.0	37.0	38.0	39.0
SRR10141048_1	1.0	44.0	84.0	50.0	62.0	65.0	128.0	341.0	824.0	1230.0	1631.0	2061.0	2488.0	3120.0	3769.0	4584.0	5516.0	6828.0	8533.0	11084.0	15167.0	22971.0	43086.0	175895.0	1033131.0
	8.0	9.0	10.0	11.0	12.0	13.0	14.0	15.0	16.0	17.0	18.0	19.0	20.0	21.0	22.0	23.0	24.0	25.0	26.0	27.0	28.0	29.0	30.0	31.0	32.0	33.0	34.0	35.0	36.0	37.0	38.0	39.0
SRR10141048_2	2.0	11.0	14.0	10.0	8.0	5.0	12.0	18.0	102.0	126.0	123.0	176.0	301.0	619.0	1149.0	1700.0	2198.0	2488.0	2780.0	3270.0	3745.0	4334.0	5049.0	6203.0	7491.0	9396.0	12481.0	17157.0	26815.0	54802.0	260780.0	919328.0
	14.0	15.0	16.0	17.0	18.0	19.0	20.0	21.0	22.0	23.0	24.0	25.0	26.0	27.0	28.0	29.0	30.0	31.0	32.0	33.0	34.0	35.0
SRR10141049_1	1.0	7.0	22.0	235.0	928.0	1706.0	2399.0	3174.0	4190.0	5612.0	6810.0	9020.0	11149.0	13861.0	17140.0	20474.0	25939.0	34456.0	51930.0	100459.0	364603.0	634090.0
	2.0	3.0	4.0	5.0	6.0	7.0	8.0	9.0	10.0	11.0	12.0	13.0	14.0	15.0	16.0	17.0	18.0	19.0	20.0	21.0	22.0	23.0	24.0	25.0	26.0	27.0	28.0	29.0	30.0	31.0	32.0	33.0	34.0	35.0
SRR10141049_2	334.0	40.0	29.0	17.0	23.0	21.0	9.0	13.0	14.0	15.0	22.0	21.0	485.0	1083.0	1059.0	1484.0	2519.0	3907.0	5060.0	5932.0	7312.0	8798.0	10403.0	12514.0	14247.0	16821.0	19942.0	23177.0	28674.0	37068.0	52971.0	93507.0	267072.0	693612.0
	14.0	15.0	16.0	17.0	18.0	19.0	20.0	21.0	22.0	23.0	24.0	25.0	26.0	27.0	28.0	29.0	30.0	31.0	32.0	33.0	34.0	35.0
SRR10141050_1	1.0	6.0	35.0	289.0	1095.0	2219.0	2951.0	4025.0	5049.0	6366.0	8124.0	10312.0	12901.0	15775.0	19091.0	23416.0	29025.0	38342.0	57353.0	111133.0	406139.0	748893.0
	2.0	3.0	4.0	5.0	6.0	7.0	8.0	9.0	10.0	11.0	12.0	13.0	14.0	15.0	16.0	17.0	18.0	19.0	20.0	21.0	22.0	23.0	24.0	25.0	26.0	27.0	28.0	29.0	30.0	31.0	32.0	33.0	34.0	35.0
SRR10141050_2	345.0	49.0	49.0	28.0	14.0	29.0	19.0	21.0	25.0	20.0	21.0	25.0	473.0	993.0	1020.0	1620.0	3034.0	4752.0	6279.0	7487.0	8821.0	10794.0	13071.0	15297.0	18167.0	20986.0	25170.0	30448.0	37556.0	49058.0	71934.0	126282.0	331406.0	717247.0
	16.0	17.0	18.0	19.0	20.0	21.0	22.0	23.0	24.0	25.0	26.0	27.0	28.0	29.0	30.0	31.0	32.0	33.0	34.0	35.0
SRR10141051_1	23.0	176.0	780.0	1480.0	1956.0	2811.0	3696.0	5257.0	7110.0	9473.0	12280.0	15325.0	19077.0	23933.0	30628.0	40854.0	60817.0	112136.0	301719.0	432590.0
	2.0	3.0	4.0	5.0	6.0	7.0	8.0	9.0	10.0	11.0	12.0	13.0	14.0	15.0	16.0	17.0	18.0	19.0	20.0	21.0	22.0	23.0	24.0	25.0	26.0	27.0	28.0	29.0	30.0	31.0	32.0	33.0	34.0	35.0
SRR10141051_2	191.0	26.0	17.0	5.0	14.0	7.0	10.0	4.0	8.0	7.0	5.0	5.0	335.0	763.0	890.0	1481.0	2506.0	3864.0	5156.0	6315.0	7927.0	9481.0	11393.0	13660.0	16155.0	19448.0	22721.0	27835.0	34239.0	44304.0	62952.0	104514.0	244734.0	441149.0
	17.0	18.0	19.0	20.0	21.0	22.0	23.0	24.0	25.0	26.0	27.0	28.0	29.0	30.0	31.0	32.0	33.0	34.0	35.0	36.0	37.0	38.0
SRR10141052_1	1.0	6.0	19.0	53.0	113.0	285.0	662.0	1255.0	2160.0	3840.0	8165.0	9685.0	9284.0	9770.0	11589.0	15019.0	19319.0	24859.0	34587.0	57342.0	156039.0	822476.0
	13.0	14.0	15.0	16.0	17.0	18.0	19.0	20.0	21.0	22.0	23.0	24.0	25.0	26.0	27.0	28.0	29.0	30.0	31.0	32.0	33.0	34.0	35.0	36.0	37.0	38.0
SRR10141052_2	10.0	41.0	317.0	3064.0	6956.0	6885.0	6080.0	4987.0	4630.0	4855.0	5929.0	7145.0	8614.0	10370.0	12130.0	13586.0	15731.0	17321.0	19618.0	22309.0	26081.0	32714.0	44466.0	72319.0	190616.0	649754.0
	14.0	15.0	16.0	17.0	18.0	19.0	20.0	21.0	22.0	23.0	24.0	25.0	26.0	27.0	28.0	29.0	30.0	31.0	32.0	33.0	34.0	35.0
SRR10141053_1	1.0	2.0	22.0	341.0	1253.0	2363.0	3411.0	4775.0	6461.0	8824.0	12108.0	16238.0	21259.0	28430.0	36757.0	48289.0	64414.0	90568.0	138042.0	244391.0	508633.0	382333.0
	2.0	3.0	4.0	5.0	6.0	7.0	8.0	9.0	10.0	11.0	12.0	13.0	14.0	15.0	16.0	17.0	18.0	19.0	20.0	21.0	22.0	23.0	24.0	25.0	26.0	27.0	28.0	29.0	30.0	31.0	32.0	33.0	34.0	35.0
SRR10141053_2	490.0	48.0	23.0	24.0	25.0	18.0	15.0	21.0	22.0	15.0	23.0	21.0	747.0	1609.0	2092.0	3075.0	4413.0	6564.0	8440.0	10294.0	11934.0	14185.0	16962.0	20331.0	24229.0	29043.0	35621.0	44325.0	56968.0	76246.0	111210.0	184670.0	412286.0	542926.0
	14.0	15.0	16.0	17.0	18.0	19.0	20.0	21.0	22.0	23.0	24.0	25.0	26.0	27.0	28.0	29.0	30.0	31.0	32.0	33.0	34.0	35.0
SRR10141054_1	4.0	4.0	63.0	870.0	3101.0	6122.0	9304.0	13580.0	19337.0	27392.0	38475.0	53263.0	72741.0	97128.0	128230.0	166878.0	223114.0	312692.0	480827.0	860554.0	1798434.0	1356167.0
	2.0	3.0	4.0	5.0	6.0	7.0	8.0	9.0	10.0	11.0	12.0	13.0	14.0	15.0	16.0	17.0	18.0	19.0	20.0	21.0	22.0	23.0	24.0	25.0	26.0	27.0	28.0	29.0	30.0	31.0	32.0	33.0	34.0	35.0
SRR10141054_2	1566.0	161.0	93.0	78.0	103.0	84.0	68.0	57.0	71.0	66.0	78.0	82.0	1373.0	3504.0	5060.0	7817.0	12276.0	17895.0	25190.0	31586.0	39289.0	48042.0	58610.0	71084.0	85774.0	103171.0	126359.0	158038.0	201659.0	271416.0	392559.0	654090.0	1448904.0	1902077.0
	16.0	17.0	18.0	19.0	20.0	21.0	22.0	23.0	24.0	25.0	26.0	27.0	28.0	29.0	30.0	31.0	32.0	33.0	34.0	35.0
SRR10141055_1	20.0	219.0	880.0	1900.0	2784.0	3641.0	5167.0	6865.0	9254.0	12521.0	16456.0	21514.0	28327.0	36749.0	49179.0	68378.0	106860.0	194413.0	439320.0	432086.0
	14.0	15.0	16.0	17.0	18.0	19.0	20.0	21.0	22.0	23.0	24.0	25.0	26.0	27.0	28.0	29.0	30.0	31.0	32.0	33.0	34.0	35.0
SRR10141055_2	490.0	1233.0	1408.0	1954.0	3114.0	4612.0	6192.0	8080.0	9710.0	12154.0	14787.0	17818.0	21839.0	25029.0	30003.0	37324.0	46538.0	61883.0	88210.0	145681.0	322969.0	575505.0
	14.0	15.0	16.0	17.0	18.0	19.0	20.0	21.0	22.0	23.0	24.0	25.0	26.0	27.0	28.0	29.0	30.0	31.0	32.0	33.0	34.0	35.0
SRR10141056_1	1.0	2.0	15.0	226.0	850.0	1595.0	2520.0	3417.0	4558.0	6214.0	8272.0	11033.0	14636.0	19307.0	24955.0	32410.0	43131.0	60642.0	93781.0	172091.0	392008.0	384139.0
	11.0	12.0	13.0	14.0	15.0	16.0	17.0	18.0	19.0	20.0	21.0	22.0	23.0	24.0	25.0	26.0	27.0	28.0	29.0	30.0	31.0	32.0	33.0	34.0	35.0
SRR10141056_2	1.0	0.0	1.0	424.0	1075.0	1256.0	1765.0	2720.0	4053.0	5445.0	6776.0	8292.0	10025.0	12219.0	14622.0	17536.0	20157.0	23919.0	29601.0	37028.0	48932.0	69956.0	117020.0	280868.0	562112.0
	15.0	16.0	17.0	18.0	19.0	20.0	21.0	22.0	23.0	24.0	25.0	26.0	27.0	28.0	29.0	30.0	31.0	32.0	33.0	34.0	35.0
SRR10141057_1	4.0	27.0	305.0	1169.0	2203.0	3228.0	4331.0	5750.0	7541.0	9867.0	12496.0	15850.0	19637.0	24360.0	29470.0	37036.0	48571.0	70606.0	127590.0	390249.0	881966.0
	2.0	3.0	4.0	5.0	6.0	7.0	8.0	9.0	10.0	11.0	12.0	13.0	14.0	15.0	16.0	17.0	18.0	19.0	20.0	21.0	22.0	23.0	24.0	25.0	26.0	27.0	28.0	29.0	30.0	31.0	32.0	33.0	34.0	35.0
SRR10141057_2	617.0	78.0	62.0	60.0	32.0	37.0	36.0	32.0	35.0	31.0	37.0	38.0	490.0	1104.0	1164.0	1945.0	3481.0	5229.0	6918.0	8616.0	10744.0	12845.0	15559.0	18255.0	21395.0	24938.0	29079.0	34497.0	42247.0	54779.0	78339.0	133601.0	332718.0	853218.0
	14.0	15.0	16.0	17.0	18.0	19.0	20.0	21.0	22.0	23.0	24.0	25.0	26.0	27.0	28.0	29.0	30.0	31.0	32.0	33.0	34.0	35.0	36.0	37.0	38.0
SRR10141058_1	1.0	0.0	3.0	11.0	43.0	147.0	407.0	987.0	1759.0	2852.0	4444.0	6651.0	9294.0	12379.0	16792.0	22908.0	32756.0	49475.0	77236.0	120171.0	168479.0	187213.0	134805.0	40449.0	914.0
	14.0	15.0	16.0	17.0	18.0	19.0	20.0	21.0	22.0	23.0	24.0	25.0	26.0	27.0	28.0	29.0	30.0	31.0	32.0	33.0	34.0	35.0	36.0	37.0	38.0
SRR10141058_2	15.0	96.0	271.0	819.0	1503.0	1891.0	2786.0	3900.0	5153.0	6661.0	8785.0	11335.0	14662.0	19431.0	26500.0	37391.0	55045.0	81752.0	117274.0	149992.0	157439.0	122935.0	56013.0	8472.0	55.0
	16.0	17.0	18.0	19.0	20.0	21.0	22.0	23.0	24.0	25.0	26.0	27.0	28.0	29.0	30.0	31.0	32.0	33.0	34.0	35.0	36.0	37.0	38.0
SRR10141059_1	4.0	8.0	26.0	128.0	357.0	719.0	1262.0	2032.0	3122.0	4525.0	6372.0	8676.0	11269.0	14670.0	19023.0	25520.0	35943.0	54322.0	89191.0	149272.0	222904.0	207700.0	25836.0
	13.0	14.0	15.0	16.0	17.0	18.0	19.0	20.0	21.0	22.0	23.0	24.0	25.0	26.0	27.0	28.0	29.0	30.0	31.0	32.0	33.0	34.0	35.0	36.0	37.0	38.0
SRR10141059_2	1.0	17.0	112.0	316.0	880.0	1383.0	1775.0	2224.0	2849.0	3674.0	4749.0	5863.0	7574.0	9428.0	11708.0	14641.0	18990.0	24960.0	35126.0	51191.0	78798.0	119625.0	170278.0	191619.0	117908.0	7192.0
	14.0	15.0	16.0	17.0	18.0	19.0	20.0	21.0	22.0	23.0	24.0	25.0	26.0	27.0	28.0	29.0	30.0	31.0	32.0	33.0	34.0	35.0
SRR10141060_1	3.0	6.0	27.0	249.0	1021.0	2006.0	3214.0	4624.0	6509.0	8938.0	12139.0	16266.0	20858.0	26804.0	33847.0	42523.0	55520.0	76886.0	117611.0	221355.0	603386.0	583507.0
	3.0	4.0	5.0	6.0	7.0	8.0	9.0	10.0	11.0	12.0	13.0	14.0	15.0	16.0	17.0	18.0	19.0	20.0	21.0	22.0	23.0	24.0	25.0	26.0	27.0	28.0	29.0	30.0	31.0	32.0	33.0	34.0	35.0
SRR10141060_2	3.0	0.0	2.0	3.0	3.0	2.0	4.0	2.0	1.0	2.0	0.0	507.0	1344.0	1786.0	2395.0	3378.0	4967.0	6825.0	9216.0	12039.0	15184.0	18374.0	22658.0	26644.0	30893.0	37022.0	45299.0	57099.0	76683.0	114191.0	204862.0	537350.0	608561.0
	2.0	3.0	4.0	5.0	6.0	7.0	8.0	9.0	10.0	11.0	12.0	13.0	14.0	15.0	16.0	17.0	18.0	19.0	20.0	21.0	22.0	23.0	24.0	25.0	26.0	27.0	28.0	29.0	30.0	31.0	32.0	33.0	34.0	35.0
SRR10141061_1	95.0	0.0	0.0	0.0	0.0	0.0	0.0	0.0	0.0	0.0	0.0	0.0	0.0	2.0	16.0	195.0	870.0	1922.0	3037.0	4989.0	6796.0	8649.0	11211.0	13887.0	17116.0	20960.0	25742.0	31552.0	40127.0	53751.0	79462.0	139961.0	353569.0	674910.0
	2.0	3.0	4.0	5.0	6.0	7.0	8.0	9.0	10.0	11.0	12.0	13.0	14.0	15.0	16.0	17.0	18.0	19.0	20.0	21.0	22.0	23.0	24.0	25.0	26.0	27.0	28.0	29.0	30.0	31.0	32.0	33.0	34.0	35.0
SRR10141061_2	2.0	0.0	0.0	0.0	0.0	2.0	2.0	1.0	1.0	2.0	3.0	6.0	226.0	712.0	1137.0	1785.0	2808.0	4394.0	6581.0	8895.0	11384.0	13721.0	15940.0	18187.0	21200.0	24277.0	28523.0	34542.0	42554.0	55911.0	79546.0	132956.0	301933.0	681588.0
	2.0	3.0	4.0	5.0	6.0	7.0	8.0	9.0	10.0	11.0	12.0	13.0	14.0	15.0	16.0	17.0	18.0	19.0	20.0	21.0	22.0	23.0	24.0	25.0	26.0	27.0	28.0	29.0	30.0	31.0	32.0	33.0	34.0	35.0
SRR10141062_1	511.0	0.0	0.0	0.0	0.0	0.0	0.0	0.0	0.0	0.0	0.0	0.0	0.0	0.0	15.0	217.0	799.0	1644.0	2433.0	3649.0	5167.0	6869.0	9204.0	11833.0	14966.0	18413.0	22596.0	28229.0	35868.0	47880.0	71027.0	125631.0	321339.0	695893.0
	2.0	3.0	4.0	5.0	6.0	7.0	8.0	9.0	10.0	11.0	12.0	13.0	14.0	15.0	16.0	17.0	18.0	19.0	20.0	21.0	22.0	23.0	24.0	25.0	26.0	27.0	28.0	29.0	30.0	31.0	32.0	33.0	34.0	35.0
SRR10141062_2	3.0	0.0	0.0	0.0	0.0	0.0	1.0	1.0	3.0	3.0	1.0	3.0	269.0	769.0	1060.0	1696.0	2615.0	4182.0	5811.0	7317.0	9239.0	11169.0	13319.0	15894.0	18652.0	21670.0	25488.0	30787.0	38412.0	50118.0	72056.0	120439.0	278560.0	694646.0
	7.0	8.0	9.0	10.0	11.0	12.0	13.0	14.0	15.0	16.0	17.0	18.0	19.0	20.0	21.0	22.0	23.0	24.0	25.0	26.0	27.0	28.0	29.0	30.0	31.0	32.0	33.0	34.0	35.0
SRR10141063_1	1.0	2.0	10.0	37.0	22.0	29.0	27.0	38.0	53.0	46.0	70.0	129.0	430.0	1232.0	2489.0	4205.0	7078.0	10863.0	17273.0	26029.0	38015.0	53170.0	72190.0	97062.0	129659.0	175870.0	226780.0	228410.0	57156.0
	10.0	11.0	12.0	13.0	14.0	15.0	16.0	17.0	18.0	19.0	20.0	21.0	22.0	23.0	24.0	25.0	26.0	27.0	28.0	29.0	30.0	31.0	32.0	33.0	34.0	35.0
SRR10141063_2	1.0	0.0	3.0	3.0	93.0	1155.0	3964.0	5893.0	6761.0	7621.0	9213.0	11517.0	15623.0	21746.0	30370.0	41054.0	54217.0	71013.0	89629.0	110253.0	133483.0	153767.0	164737.0	144598.0	67604.0	4057.0
	14.0	15.0	16.0	17.0	18.0	19.0	20.0	21.0	22.0	23.0	24.0	25.0	26.0	27.0	28.0	29.0	30.0	31.0	32.0	33.0	34.0	35.0
SRR10141064_1	2.0	2.0	22.0	270.0	1084.0	1946.0	2863.0	4053.0	5457.0	7410.0	9690.0	12256.0	15042.0	18429.0	22427.0	27421.0	34905.0	47329.0	72368.0	130081.0	316494.0	407662.0
	2.0	3.0	4.0	5.0	6.0	7.0	8.0	9.0	10.0	11.0	12.0	13.0	14.0	15.0	16.0	17.0	18.0	19.0	20.0	21.0	22.0	23.0	24.0	25.0	26.0	27.0	28.0	29.0	30.0	31.0	32.0	33.0	34.0	35.0
SRR10141064_2	9.0	4.0	11.0	9.0	13.0	21.0	32.0	33.0	14.0	22.0	20.0	27.0	343.0	1067.0	1595.0	2257.0	3314.0	4582.0	6233.0	7873.0	9877.0	11674.0	13756.0	16138.0	18530.0	21143.0	24385.0	29680.0	36655.0	48490.0	70207.0	119799.0	281318.0	408082.0
	15.0	16.0	17.0	18.0	19.0	20.0	21.0	22.0	23.0	24.0	25.0	26.0	27.0	28.0	29.0	30.0	31.0	32.0	33.0	34.0	35.0
SRR10141065_1	3.0	23.0	207.0	871.0	1715.0	2556.0	3471.0	4762.0	6157.0	7972.0	10169.0	12540.0	14988.0	18175.0	21865.0	27530.0	36144.0	53299.0	95288.0	261440.0	459110.0
	2.0	3.0	4.0	5.0	6.0	7.0	8.0	9.0	10.0	11.0	12.0	13.0	14.0	15.0	16.0	17.0	18.0	19.0	20.0	21.0	22.0	23.0	24.0	25.0	26.0	27.0	28.0	29.0	30.0	31.0	32.0	33.0	34.0	35.0
SRR10141065_2	1.0	1.0	0.0	2.0	2.0	7.0	4.0	6.0	3.0	12.0	7.0	9.0	304.0	899.0	1165.0	1576.0	2267.0	3396.0	4655.0	6019.0	7731.0	9541.0	11348.0	13538.0	15291.0	18169.0	21029.0	24851.0	30634.0	40114.0	57810.0	100379.0	249284.0	418231.0
	15.0	16.0	17.0	18.0	19.0	20.0	21.0	22.0	23.0	24.0	25.0	26.0	27.0	28.0	29.0	30.0	31.0	32.0	33.0	34.0	35.0
SRR10141066_1	4.0	24.0	229.0	985.0	1905.0	2849.0	3954.0	5600.0	7345.0	9638.0	12119.0	15038.0	18277.0	22000.0	27032.0	33711.0	44280.0	65142.0	115680.0	320342.0	971081.0
	2.0	3.0	4.0	5.0	6.0	7.0	8.0	9.0	10.0	11.0	12.0	13.0	14.0	15.0	16.0	17.0	18.0	19.0	20.0	21.0	22.0	23.0	24.0	25.0	26.0	27.0	28.0	29.0	30.0	31.0	32.0	33.0	34.0	35.0
SRR10141066_2	123.0	28.0	24.0	26.0	20.0	20.0	16.0	9.0	10.0	14.0	16.0	14.0	427.0	1291.0	1848.0	2536.0	3634.0	5024.0	6492.0	8322.0	10245.0	12165.0	14411.0	16474.0	19342.0	21862.0	25160.0	30152.0	36192.0	46947.0	65765.0	109615.0	270945.0	968066.0
	16.0	17.0	18.0	19.0	20.0	21.0	22.0	23.0	24.0	25.0	26.0	27.0	28.0	29.0	30.0	31.0	32.0	33.0	34.0	35.0	36.0	37.0	38.0
SRR10141067_1	2.0	2.0	11.0	63.0	218.0	444.0	839.0	1254.0	1934.0	2880.0	4098.0	5657.0	7423.0	9623.0	11944.0	14809.0	18349.0	23432.0	30430.0	43121.0	72602.0	199779.0	462810.0
	11.0	12.0	13.0	14.0	15.0	16.0	17.0	18.0	19.0	20.0	21.0	22.0	23.0	24.0	25.0	26.0	27.0	28.0	29.0	30.0	31.0	32.0	33.0	34.0	35.0	36.0	37.0	38.0
SRR10141067_2	1.0	0.0	6.0	37.0	120.0	328.0	609.0	1174.0	2222.0	2931.0	4050.0	4789.0	6036.0	7233.0	8491.0	10090.0	11693.0	13680.0	15811.0	18254.0	21916.0	26216.0	32887.0	44439.0	64273.0	105740.0	243585.0	265113.0
	11.0	12.0	13.0	14.0	15.0	16.0	17.0	18.0	19.0	20.0	21.0	22.0	23.0	24.0	25.0	26.0	27.0	28.0	29.0	30.0	31.0	32.0	33.0	34.0	35.0
SRR10141068_1	1.0	1.0	0.0	0.0	7.0	32.0	191.0	720.0	1431.0	2227.0	3266.0	4650.0	6473.0	8518.0	11266.0	14724.0	18408.0	23174.0	29448.0	38349.0	52613.0	80711.0	152405.0	426867.0	410280.0
	2.0	3.0	4.0	5.0	6.0	7.0	8.0	9.0	10.0	11.0	12.0	13.0	14.0	15.0	16.0	17.0	18.0	19.0	20.0	21.0	22.0	23.0	24.0	25.0	26.0	27.0	28.0	29.0	30.0	31.0	32.0	33.0	34.0	35.0
SRR10141068_2	233.0	16.0	27.0	30.0	19.0	19.0	19.0	16.0	9.0	19.0	16.0	16.0	360.0	1108.0	1685.0	2291.0	3450.0	4610.0	6248.0	7901.0	9962.0	11906.0	14299.0	16812.0	19310.0	22253.0	26004.0	31529.0	39211.0	52290.0	75222.0	129987.0	311781.0	497104.0
	18.0	19.0	20.0	21.0	22.0	23.0	24.0	25.0	26.0	27.0	28.0	29.0	30.0	31.0	32.0	33.0	34.0	35.0	36.0	37.0	38.0
SRR10141069_1	1.0	9.0	48.0	120.0	339.0	713.0	1347.0	2004.0	2920.0	4019.0	5025.0	6058.0	7529.0	9224.0	11976.0	15270.0	20173.0	29146.0	48706.0	134276.0	388679.0
	13.0	14.0	15.0	16.0	17.0	18.0	19.0	20.0	21.0	22.0	23.0	24.0	25.0	26.0	27.0	28.0	29.0	30.0	31.0	32.0	33.0	34.0	35.0	36.0	37.0	38.0
SRR10141069_2	3.0	23.0	215.0	729.0	1648.0	2676.0	2947.0	2900.0	3200.0	3886.0	4639.0	5620.0	6753.0	7927.0	9200.0	10488.0	11887.0	13717.0	16095.0	20033.0	25112.0	33607.0	49608.0	85319.0	196115.0	173235.0
	17.0	18.0	19.0	20.0	21.0	22.0	23.0	24.0	25.0	26.0	27.0	28.0	29.0	30.0	31.0	32.0	33.0	34.0	35.0
SRR10141070_1	21.0	86.0	339.0	916.0	1438.0	2367.0	4333.0	7408.0	11377.0	15888.0	22289.0	29872.0	39657.0	54688.0	82072.0	135009.0	244351.0	457286.0	183447.0
	2.0	3.0	4.0	5.0	6.0	7.0	8.0	9.0	10.0	11.0	12.0	13.0	14.0	15.0	16.0	17.0	18.0	19.0	20.0	21.0	22.0	23.0	24.0	25.0	26.0	27.0	28.0	29.0	30.0	31.0	32.0	33.0	34.0	35.0
SRR10141070_2	542.0	40.0	28.0	16.0	16.0	19.0	31.0	25.0	23.0	16.0	20.0	8.0	956.0	3610.0	3789.0	3640.0	3561.0	3774.0	4079.0	4779.0	5490.0	6682.0	9020.0	11896.0	16390.0	21070.0	27087.0	35767.0	48603.0	69787.0	106008.0	173214.0	389629.0	343229.0
	15.0	16.0	17.0	18.0	19.0	20.0	21.0	22.0	23.0	24.0	25.0	26.0	27.0	28.0	29.0	30.0	31.0	32.0	33.0	34.0	35.0
SRR10141071_1	4.0	48.0	517.0	1637.0	2797.0	4084.0	5957.0	8742.0	12225.0	16843.0	22943.0	30712.0	39139.0	50868.0	66305.0	89482.0	129549.0	200741.0	337397.0	563301.0	198643.0
	2.0	3.0	4.0	5.0	6.0	7.0	8.0	9.0	10.0	11.0	12.0	13.0	14.0	15.0	16.0	17.0	18.0	19.0	20.0	21.0	22.0	23.0	24.0	25.0	26.0	27.0	28.0	29.0	30.0	31.0	32.0	33.0	34.0	35.0
SRR10141071_2	780.0	41.0	42.0	31.0	49.0	28.0	33.0	25.0	36.0	23.0	26.0	19.0	735.0	1815.0	2080.0	3083.0	4680.0	6919.0	9273.0	12548.0	16173.0	20850.0	25464.0	31381.0	39354.0	47607.0	58723.0	74985.0	97124.0	129522.0	180786.0	265817.0	454181.0	297701.0
	19.0	20.0	21.0	22.0	23.0	24.0	25.0	26.0	27.0	28.0	29.0	30.0	31.0	32.0	33.0	34.0	35.0	36.0	37.0	38.0
SRR10141072_1	1.0	13.0	42.0	121.0	316.0	602.0	961.0	1514.0	2263.0	2856.0	3619.0	4411.0	5521.0	6931.0	8686.0	11466.0	16513.0	27369.0	74151.0	405963.0
	13.0	14.0	15.0	16.0	17.0	18.0	19.0	20.0	21.0	22.0	23.0	24.0	25.0	26.0	27.0	28.0	29.0	30.0	31.0	32.0	33.0	34.0	35.0	36.0	37.0	38.0
SRR10141072_2	1.0	24.0	230.0	867.0	1788.0	2906.0	3532.0	3367.0	3018.0	2869.0	3151.0	3602.0	4052.0	4679.0	5457.0	6068.0	6753.0	7366.0	8624.0	10431.0	12524.0	16603.0	23286.0	38977.0	109744.0	293400.0
	14.0	15.0	16.0	17.0	18.0	19.0	20.0	21.0	22.0	23.0	24.0	25.0	26.0	27.0	28.0	29.0	30.0	31.0	32.0	33.0	34.0	35.0
SRR10141073_1	1.0	5.0	5.0	28.0	73.0	243.0	629.0	1076.0	1534.0	2607.0	4571.0	8093.0	10558.0	14544.0	20406.0	27023.0	36929.0	52511.0	85325.0	164137.0	474714.0	579898.0
	14.0	15.0	16.0	17.0	18.0	19.0	20.0	21.0	22.0	23.0	24.0	25.0	26.0	27.0	28.0	29.0	30.0	31.0	32.0	33.0	34.0	35.0
SRR10141073_2	615.0	1987.0	2242.0	2427.0	2804.0	3005.0	3294.0	3594.0	4203.0	4825.0	6156.0	8403.0	11627.0	14757.0	19367.0	24468.0	31978.0	43508.0	65149.0	117418.0	311361.0	801722.0
	8.0	9.0	10.0	11.0	12.0	13.0	14.0	15.0	16.0	17.0	18.0	19.0	20.0	21.0	22.0	23.0	24.0	25.0	26.0	27.0	28.0	29.0	30.0	31.0	32.0	33.0	34.0	35.0
SRR10141074_1	3.0	12.0	34.0	27.0	33.0	30.0	45.0	53.0	56.0	65.0	118.0	231.0	678.0	1579.0	3047.0	5918.0	11117.0	18490.0	29316.0	43248.0	61108.0	83611.0	112233.0	151806.0	205421.0	266758.0	253890.0	51121.0
	9.0	10.0	11.0	12.0	13.0	14.0	15.0	16.0	17.0	18.0	19.0	20.0	21.0	22.0	23.0	24.0	25.0	26.0	27.0	28.0	29.0	30.0	31.0	32.0	33.0	34.0	35.0
SRR10141074_2	1.0	0.0	2.0	3.0	4.0	94.0	694.0	2352.0	3598.0	4031.0	4749.0	6123.0	8791.0	12850.0	20172.0	29855.0	42205.0	57242.0	75499.0	96291.0	122421.0	150614.0	182631.0	205172.0	184792.0	85137.0	4725.0
	16.0	17.0	18.0	19.0	20.0	21.0	22.0	23.0	24.0	25.0	26.0	27.0	28.0	29.0	30.0	31.0	32.0	33.0	34.0	35.0
SRR10141075_1	2.0	5.0	48.0	205.0	508.0	994.0	1565.0	2346.0	3460.0	5587.0	7100.0	10171.0	14140.0	19017.0	25371.0	36730.0	59951.0	119963.0	297757.0	251267.0
	3.0	4.0	5.0	6.0	7.0	8.0	9.0	10.0	11.0	12.0	13.0	14.0	15.0	16.0	17.0	18.0	19.0	20.0	21.0	22.0	23.0	24.0	25.0	26.0	27.0	28.0	29.0	30.0	31.0	32.0	33.0	34.0	35.0
SRR10141075_2	1.0	1.0	1.0	1.0	0.0	2.0	2.0	1.0	3.0	1.0	0.0	509.0	1871.0	2020.0	2216.0	2580.0	2914.0	3328.0	3673.0	4191.0	4860.0	5703.0	6985.0	8855.0	10431.0	12973.0	16241.0	20998.0	27838.0	41065.0	72567.0	195993.0	408363.0
	2.0	3.0	4.0	5.0	6.0	7.0	8.0	9.0	10.0	11.0	12.0	13.0	14.0	15.0	16.0	17.0	18.0	19.0	20.0	21.0	22.0	23.0	24.0	25.0	26.0	27.0	28.0	29.0	30.0	31.0	32.0	33.0	34.0	35.0
SRR10141076_1	1083.0	0.0	0.0	0.0	0.0	0.0	0.0	0.0	0.0	0.0	0.0	0.0	0.0	0.0	4.0	14.0	167.0	800.0	2595.0	5732.0	9332.0	13855.0	19809.0	29336.0	45024.0	67771.0	98698.0	132188.0	158185.0	165505.0	143397.0	84727.0	18376.0	1004.0
	2.0	3.0	4.0	5.0	6.0	7.0	8.0	9.0	10.0	11.0	12.0	13.0	14.0	15.0	16.0	17.0	18.0	19.0	20.0	21.0	22.0	23.0	24.0	25.0	26.0	27.0	28.0	29.0	30.0	31.0	32.0	33.0	34.0	35.0
SRR10141076_2	19.0	15.0	11.0	12.0	18.0	18.0	13.0	12.0	19.0	24.0	19.0	20.0	1257.0	4833.0	5948.0	6908.0	8532.0	11401.0	16006.0	21970.0	28236.0	36208.0	45361.0	58276.0	73914.0	93998.0	116510.0	134236.0	136059.0	108072.0	61608.0	23112.0	4698.0	259.0
	2.0	3.0	4.0	5.0	6.0	7.0	8.0	9.0	10.0	11.0	12.0	13.0	14.0	15.0	16.0	17.0	18.0	19.0	20.0	21.0	22.0	23.0	24.0	25.0	26.0	27.0	28.0	29.0	30.0	31.0	32.0	33.0	34.0	35.0
SRR10141077_1	724.0	0.0	0.0	0.0	0.0	0.0	0.0	0.0	0.0	0.0	0.0	0.0	0.0	2.0	0.0	15.0	109.0	635.0	2138.0	4776.0	7819.0	11499.0	16405.0	24814.0	39223.0	60740.0	89354.0	120529.0	143025.0	146100.0	124789.0	70943.0	14196.0	709.0
	2.0	3.0	4.0	5.0	6.0	7.0	8.0	9.0	10.0	11.0	12.0	13.0	14.0	15.0	16.0	17.0	18.0	19.0	20.0	21.0	22.0	23.0	24.0	25.0	26.0	27.0	28.0	29.0	30.0	31.0	32.0	33.0	34.0	35.0
SRR10141077_2	15.0	8.0	8.0	6.0	15.0	15.0	14.0	11.0	12.0	18.0	18.0	14.0	884.0	3675.0	4748.0	5326.0	6554.0	9072.0	13462.0	18757.0	24574.0	31389.0	40215.0	51288.0	65890.0	83925.0	104722.0	120326.0	120255.0	95289.0	54019.0	19955.0	3840.0	225.0
	14.0	15.0	16.0	17.0	18.0	19.0	20.0	21.0	22.0	23.0	24.0	25.0	26.0	27.0	28.0	29.0	30.0	31.0	32.0	33.0	34.0	35.0
SRR10141078_1	1.0	0.0	6.0	17.0	56.0	274.0	897.0	1632.0	2867.0	5339.0	9321.0	15281.0	21278.0	29693.0	39809.0	51209.0	68011.0	95995.0	150175.0	287227.0	721326.0	373697.0
	2.0	3.0	4.0	5.0	6.0	7.0	8.0	9.0	10.0	11.0	12.0	13.0	14.0	15.0	16.0	17.0	18.0	19.0	20.0	21.0	22.0	23.0	24.0	25.0	26.0	27.0	28.0	29.0	30.0	31.0	32.0	33.0	34.0	35.0
SRR10141078_2	932.0	118.0	92.0	65.0	55.0	56.0	40.0	52.0	51.0	39.0	47.0	53.0	913.0	3359.0	3749.0	4278.0	5501.0	6715.0	9059.0	11626.0	14194.0	16178.0	18770.0	23772.0	30465.0	32153.0	37580.0	47072.0	59861.0	80740.0	120814.0	213273.0	525576.0	606863.0
	14.0	15.0	16.0	17.0	18.0	19.0	20.0	21.0	22.0	23.0	24.0	25.0	26.0	27.0	28.0	29.0	30.0	31.0	32.0	33.0	34.0	35.0
SRR10141079_1	1.0	2.0	2.0	12.0	57.0	261.0	734.0	1442.0	2593.0	4869.0	8587.0	14749.0	21185.0	29870.0	40149.0	52474.0	69667.0	96990.0	152647.0	290963.0	726663.0	380431.0
	2.0	3.0	4.0	5.0	6.0	7.0	8.0	9.0	10.0	11.0	12.0	13.0	14.0	15.0	16.0	17.0	18.0	19.0	20.0	21.0	22.0	23.0	24.0	25.0	26.0	27.0	28.0	29.0	30.0	31.0	32.0	33.0	34.0	35.0
SRR10141079_2	1003.0	110.0	94.0	69.0	72.0	55.0	44.0	48.0	43.0	44.0	41.0	42.0	822.0	3209.0	3563.0	4042.0	4903.0	6215.0	8842.0	11258.0	14057.0	16215.0	18563.0	23899.0	30433.0	33552.0	40368.0	49554.0	63675.0	85615.0	126688.0	221824.0	531631.0	593755.0
	15.0	16.0	17.0	18.0	19.0	20.0	21.0	22.0	23.0	24.0	25.0	26.0	27.0	28.0	29.0	30.0	31.0	32.0	33.0	34.0	35.0
SRR10141080_1	2.0	2.0	13.0	72.0	331.0	1052.0	2187.0	3833.0	6267.0	10828.0	17716.0	24906.0	34486.0	46786.0	60080.0	78939.0	110349.0	173744.0	332138.0	798724.0	378354.0
	2.0	3.0	4.0	5.0	6.0	7.0	8.0	9.0	10.0	11.0	12.0	13.0	14.0	15.0	16.0	17.0	18.0	19.0	20.0	21.0	22.0	23.0	24.0	25.0	26.0	27.0	28.0	29.0	30.0	31.0	32.0	33.0	34.0	35.0
SRR10141080_2	1116.0	112.0	84.0	88.0	71.0	62.0	59.0	47.0	62.0	57.0	49.0	66.0	884.0	3491.0	4039.0	4380.0	5473.0	7248.0	10054.0	13458.0	16274.0	18570.0	21402.0	26674.0	33103.0	37108.0	44201.0	54870.0	69046.0	93246.0	138646.0	245283.0	600817.0	630669.0
	15.0	16.0	17.0	18.0	19.0	20.0	21.0	22.0	23.0	24.0	25.0	26.0	27.0	28.0	29.0	30.0	31.0	32.0	33.0	34.0	35.0	36.0	37.0	38.0
SRR10141081_1	2.0	2.0	1.0	7.0	17.0	48.0	140.0	307.0	638.0	1267.0	2022.0	3468.0	6642.0	7827.0	7572.0	8060.0	10141.0	12875.0	16078.0	21272.0	30937.0	51717.0	146586.0	629498.0
	14.0	15.0	16.0	17.0	18.0	19.0	20.0	21.0	22.0	23.0	24.0	25.0	26.0	27.0	28.0	29.0	30.0	31.0	32.0	33.0	34.0	35.0	36.0	37.0	38.0
SRR10141081_2	36.0	1067.0	4153.0	4043.0	4206.0	5179.0	4777.0	3978.0	3805.0	4097.0	4700.0	5279.0	6274.0	7839.0	9119.0	11236.0	12759.0	14981.0	18183.0	22422.0	29785.0	43376.0	74437.0	206729.0	454664.0
	15.0	16.0	17.0	18.0	19.0	20.0	21.0	22.0	23.0	24.0	25.0	26.0	27.0	28.0	29.0	30.0	31.0	32.0	33.0	34.0	35.0	36.0	37.0	38.0
SRR10141082_1	1.0	1.0	2.0	5.0	10.0	23.0	53.0	131.0	300.0	485.0	812.0	1307.0	2013.0	2937.0	3830.0	4795.0	6193.0	7871.0	10028.0	13635.0	19759.0	32502.0	89469.0	413779.0
	11.0	12.0	13.0	14.0	15.0	16.0	17.0	18.0	19.0	20.0	21.0	22.0	23.0	24.0	25.0	26.0	27.0	28.0	29.0	30.0	31.0	32.0	33.0	34.0	35.0	36.0	37.0	38.0
SRR10141082_2	1.0	1.0	0.0	4.0	127.0	484.0	790.0	1174.0	1597.0	1650.0	1417.0	1507.0	1868.0	2052.0	2455.0	3092.0	3817.0	4665.0	5832.0	6840.0	8503.0	10282.0	12799.0	17277.0	25147.0	43263.0	121488.0	331809.0
	2.0	3.0	4.0	5.0	6.0	7.0	8.0	9.0	10.0	11.0	12.0	13.0	14.0	15.0	16.0	17.0	18.0	19.0	20.0	21.0	22.0	23.0	24.0	25.0	26.0	27.0	28.0	29.0	30.0	31.0	32.0	33.0	34.0	35.0
SRR10141083_1	41.0	0.0	0.0	0.0	0.0	0.0	0.0	0.0	0.0	0.0	0.0	0.0	0.0	6.0	21.0	190.0	929.0	2062.0	3730.0	6304.0	10861.0	17094.0	26085.0	39006.0	57503.0	83574.0	115809.0	148359.0	170311.0	173544.0	153276.0	100215.0	37616.0	4656.0
	2.0	3.0	4.0	5.0	6.0	7.0	8.0	9.0	10.0	11.0	12.0	13.0	14.0	15.0	16.0	17.0	18.0	19.0	20.0	21.0	22.0	23.0	24.0	25.0	26.0	27.0	28.0	29.0	30.0	31.0	32.0	33.0	34.0	35.0
SRR10141083_2	22.0	15.0	14.0	12.0	21.0	26.0	20.0	16.0	29.0	22.0	20.0	26.0	401.0	1941.0	4109.0	6869.0	9918.0	14045.0	19084.0	26403.0	35695.0	46293.0	58437.0	72758.0	89668.0	108171.0	127563.0	142120.0	142084.0	118947.0	78308.0	36825.0	10378.0	932.0
	14.0	15.0	16.0	17.0	18.0	19.0	20.0	21.0	22.0	23.0	24.0	25.0	26.0	27.0	28.0	29.0	30.0	31.0	32.0	33.0	34.0	35.0	36.0	37.0	38.0
SRR10141084_1	1.0	0.0	1.0	2.0	7.0	14.0	31.0	60.0	125.0	248.0	434.0	748.0	1301.0	1945.0	2721.0	3671.0	4515.0	5813.0	7554.0	9071.0	12382.0	17728.0	29193.0	83079.0	489843.0
	2.0	3.0	4.0	5.0	6.0	7.0	8.0	9.0	10.0	11.0	12.0	13.0	14.0	15.0	16.0	17.0	18.0	19.0	20.0	21.0	22.0	23.0	24.0	25.0	26.0	27.0	28.0	29.0	30.0	31.0	32.0	33.0	34.0	35.0	36.0	37.0	38.0
SRR10141084_2	42.0	23.0	12.0	5.0	8.0	5.0	7.0	4.0	5.0	9.0	17.0	15.0	36.0	202.0	693.0	1223.0	1986.0	2683.0	2706.0	2402.0	2624.0	3010.0	3408.0	3893.0	4601.0	5355.0	6298.0	7525.0	8522.0	10251.0	11796.0	15020.0	19616.0	28566.0	48717.0	141530.0	337672.0
	14.0	15.0	16.0	17.0	18.0	19.0	20.0	21.0	22.0	23.0	24.0	25.0	26.0	27.0	28.0	29.0	30.0	31.0	32.0	33.0	34.0	35.0
SRR10141085_1	2.0	6.0	13.0	21.0	65.0	320.0	977.0	2284.0	4403.0	7428.0	12526.0	19857.0	29331.0	40532.0	54371.0	71710.0	96261.0	142111.0	247770.0	557020.0	1335717.0	441808.0
	2.0	3.0	4.0	5.0	6.0	7.0	8.0	9.0	10.0	11.0	12.0	13.0	14.0	15.0	16.0	17.0	18.0	19.0	20.0	21.0	22.0	23.0	24.0	25.0	26.0	27.0	28.0	29.0	30.0	31.0	32.0	33.0	34.0	35.0
SRR10141085_2	235.0	77.0	91.0	82.0	71.0	80.0	71.0	74.0	79.0	69.0	82.0	73.0	1859.0	5104.0	4893.0	4689.0	5368.0	6607.0	8594.0	11159.0	14785.0	20836.0	29656.0	41040.0	50343.0	60197.0	75958.0	98993.0	139417.0	212518.0	372312.0	754882.0	1048466.0	95773.0
	16.0	17.0	18.0	19.0	20.0	21.0	22.0	23.0	24.0	25.0	26.0	27.0	28.0	29.0	30.0	31.0	32.0	33.0	34.0	35.0
SRR10141086_1	1.0	8.0	21.0	102.0	243.0	458.0	992.0	1796.0	2869.0	4433.0	6550.0	9085.0	11996.0	15590.0	21470.0	32323.0	54051.0	119716.0	403814.0	252170.0
	13.0	14.0	15.0	16.0	17.0	18.0	19.0	20.0	21.0	22.0	23.0	24.0	25.0	26.0	27.0	28.0	29.0	30.0	31.0	32.0	33.0	34.0	35.0
SRR10141086_2	1.0	421.0	1662.0	1761.0	1910.0	1989.0	2043.0	2285.0	2450.0	2853.0	3551.0	4633.0	6046.0	7900.0	9689.0	12225.0	15276.0	19963.0	27011.0	41592.0	79541.0	242180.0	450706.0
	16.0	17.0	18.0	19.0	20.0	21.0	22.0	23.0	24.0	25.0	26.0	27.0	28.0	29.0	30.0	31.0	32.0	33.0	34.0	35.0	36.0	37.0	38.0
SRR10141087_1	2.0	6.0	7.0	11.0	37.0	90.0	260.0	511.0	926.0	1471.0	2378.0	3607.0	4836.0	6246.0	7725.0	9879.0	12286.0	15762.0	21292.0	31163.0	51847.0	142253.0	541198.0
	14.0	15.0	16.0	17.0	18.0	19.0	20.0	21.0	22.0	23.0	24.0	25.0	26.0	27.0	28.0	29.0	30.0	31.0	32.0	33.0	34.0	35.0	36.0	37.0	38.0
SRR10141087_2	11.0	108.0	547.0	1432.0	2229.0	3150.0	2928.0	2608.0	2774.0	3383.0	4084.0	5012.0	6313.0	7597.0	9351.0	11310.0	13144.0	16702.0	20592.0	26640.0	36296.0	52719.0	87788.0	219771.0	317304.0
	15.0	16.0	17.0	18.0	19.0	20.0	21.0	22.0	23.0	24.0	25.0	26.0	27.0	28.0	29.0	30.0	31.0	32.0	33.0	34.0	35.0	36.0	37.0	38.0
SRR10141088_1	1.0	4.0	17.0	18.0	27.0	46.0	109.0	245.0	505.0	1020.0	1535.0	2722.0	5624.0	6619.0	6285.0	6556.0	7701.0	10203.0	12774.0	15851.0	22629.0	38526.0	118791.0	538998.0
	13.0	14.0	15.0	16.0	17.0	18.0	19.0	20.0	21.0	22.0	23.0	24.0	25.0	26.0	27.0	28.0	29.0	30.0	31.0	32.0	33.0	34.0	35.0	36.0	37.0	38.0
SRR10141088_2	3.0	48.0	1083.0	3804.0	3739.0	4100.0	4522.0	3896.0	3188.0	2932.0	3553.0	4329.0	4997.0	5931.0	7214.0	8593.0	9901.0	11161.0	12883.0	15692.0	19771.0	27176.0	38977.0	67540.0	191021.0	340752.0
	17.0	18.0	19.0	20.0	21.0	22.0	23.0	24.0	25.0	26.0	27.0	28.0	29.0	30.0	31.0	32.0	33.0	34.0	35.0	36.0	37.0	38.0
SRR10141089_1	1.0	2.0	15.0	35.0	88.0	204.0	374.0	749.0	1060.0	1637.0	2975.0	3918.0	4793.0	5530.0	6554.0	8393.0	10992.0	14025.0	20456.0	34791.0	107613.0	481363.0
	13.0	14.0	15.0	16.0	17.0	18.0	19.0	20.0	21.0	22.0	23.0	24.0	25.0	26.0	27.0	28.0	29.0	30.0	31.0	32.0	33.0	34.0	35.0	36.0	37.0	38.0
SRR10141089_2	2.0	28.0	509.0	1447.0	2014.0	2525.0	3088.0	2732.0	2374.0	2482.0	2824.0	3384.0	3977.0	4758.0	5662.0	6802.0	8363.0	9221.0	10981.0	13346.0	17173.0	23211.0	33500.0	58335.0	167037.0	319793.0
	17.0	18.0	19.0	20.0	21.0	22.0	23.0	24.0	25.0	26.0	27.0	28.0	29.0	30.0	31.0	32.0	33.0	34.0	35.0	36.0	37.0	38.0
SRR10141090_1	1.0	3.0	9.0	25.0	73.0	134.0	352.0	644.0	1004.0	1578.0	2602.0	3407.0	4548.0	5487.0	6781.0	9143.0	11169.0	15005.0	21674.0	35964.0	98038.0	489248.0
	14.0	15.0	16.0	17.0	18.0	19.0	20.0	21.0	22.0	23.0	24.0	25.0	26.0	27.0	28.0	29.0	30.0	31.0	32.0	33.0	34.0	35.0	36.0	37.0	38.0
SRR10141090_2	8.0	140.0	517.0	850.0	1488.0	2295.0	2587.0	2150.0	1957.0	2278.0	2590.0	3204.0	3772.0	4659.0	5691.0	7080.0	8287.0	10402.0	12215.0	15707.0	21588.0	31918.0	55118.0	153324.0	357064.0
	19.0	20.0	21.0	22.0	23.0	24.0	25.0	26.0	27.0	28.0	29.0	30.0	31.0	32.0	33.0	34.0	35.0	36.0	37.0	38.0
SRR10141091_1	7.0	38.0	134.0	360.0	695.0	1347.0	2087.0	3184.0	4646.0	6249.0	7583.0	9541.0	11770.0	14590.0	18018.0	23134.0	32437.0	51736.0	136509.0	412865.0
	13.0	14.0	15.0	16.0	17.0	18.0	19.0	20.0	21.0	22.0	23.0	24.0	25.0	26.0	27.0	28.0	29.0	30.0	31.0	32.0	33.0	34.0	35.0	36.0	37.0	38.0
SRR10141091_2	1.0	28.0	308.0	887.0	1288.0	1944.0	2839.0	2756.0	2440.0	2437.0	2731.0	3700.0	4594.0	5973.0	7389.0	8457.0	10366.0	12552.0	14535.0	17562.0	21827.0	28189.0	40588.0	67887.0	182930.0	292722.0
	16.0	17.0	18.0	19.0	20.0	21.0	22.0	23.0	24.0	25.0	26.0	27.0	28.0	29.0	30.0	31.0	32.0	33.0	34.0	35.0	36.0	37.0	38.0
SRR10141092_1	1.0	1.0	0.0	5.0	14.0	39.0	81.0	184.0	305.0	513.0	831.0	1367.0	1988.0	2569.0	3365.0	4199.0	5357.0	7174.0	9930.0	14317.0	24168.0	72099.0	486223.0
	14.0	15.0	16.0	17.0	18.0	19.0	20.0	21.0	22.0	23.0	24.0	25.0	26.0	27.0	28.0	29.0	30.0	31.0	32.0	33.0	34.0	35.0	36.0	37.0	38.0
SRR10141092_2	11.0	93.0	506.0	614.0	790.0	1074.0	1233.0	1053.0	1095.0	1188.0	1413.0	1767.0	2095.0	2593.0	3343.0	4149.0	4863.0	5986.0	7468.0	10138.0	13723.0	20332.0	35892.0	111275.0	402036.0
	14.0	15.0	16.0	17.0	18.0	19.0	20.0	21.0	22.0	23.0	24.0	25.0	26.0	27.0	28.0	29.0	30.0	31.0	32.0	33.0	34.0	35.0	36.0	37.0	38.0
SRR10141093_1	2.0	10.0	6.0	5.0	1.0	1.0	12.0	36.0	81.0	159.0	286.0	522.0	798.0	1406.0	1963.0	2492.0	3128.0	3715.0	5134.0	7089.0	9581.0	13679.0	23388.0	68191.0	463659.0
	13.0	14.0	15.0	16.0	17.0	18.0	19.0	20.0	21.0	22.0	23.0	24.0	25.0	26.0	27.0	28.0	29.0	30.0	31.0	32.0	33.0	34.0	35.0	36.0	37.0	38.0
SRR10141093_2	1.0	8.0	109.0	590.0	818.0	1053.0	1464.0	1633.0	1385.0	1368.0	1319.0	1482.0	1821.0	2160.0	2696.0	3266.0	4047.0	4839.0	6028.0	7396.0	9642.0	13440.0	19507.0	34606.0	106113.0	378553.0
	17.0	18.0	19.0	20.0	21.0	22.0	23.0	24.0	25.0	26.0	27.0	28.0	29.0	30.0	31.0	32.0	33.0	34.0	35.0	36.0	37.0	38.0
SRR10141094_1	7.0	2.0	4.0	38.0	62.0	188.0	380.0	802.0	1206.0	2160.0	3549.0	4877.0	6301.0	7692.0	9843.0	12700.0	16809.0	22994.0	32349.0	53378.0	142313.0	614202.0
	13.0	14.0	15.0	16.0	17.0	18.0	19.0	20.0	21.0	22.0	23.0	24.0	25.0	26.0	27.0	28.0	29.0	30.0	31.0	32.0	33.0	34.0	35.0	36.0	37.0	38.0
SRR10141094_2	2.0	35.0	415.0	950.0	1238.0	2194.0	3383.0	3789.0	3909.0	4246.0	5005.0	6214.0	7388.0	8808.0	10179.0	11964.0	13887.0	15663.0	18513.0	22181.0	27819.0	36083.0	52108.0	87440.0	228305.0	360138.0
	14.0	15.0	16.0	17.0	18.0	19.0	20.0	21.0	22.0	23.0	24.0	25.0	26.0	27.0	28.0	29.0	30.0	31.0	32.0	33.0	34.0	35.0
SRR10141095_1	1.0	1.0	7.0	13.0	36.0	150.0	368.0	654.0	1484.0	2509.0	4210.0	6484.0	9194.0	12744.0	16772.0	21615.0	28904.0	42484.0	73104.0	170522.0	648444.0	384827.0
	2.0	3.0	4.0	5.0	6.0	7.0	8.0	9.0	10.0	11.0	12.0	13.0	14.0	15.0	16.0	17.0	18.0	19.0	20.0	21.0	22.0	23.0	24.0	25.0	26.0	27.0	28.0	29.0	30.0	31.0	32.0	33.0	34.0	35.0
SRR10141095_2	418.0	59.0	51.0	34.0	42.0	45.0	40.0	29.0	35.0	40.0	24.0	43.0	2351.0	7681.0	7546.0	7345.0	7570.0	7307.0	6861.0	6370.0	6448.0	7209.0	8274.0	10454.0	13018.0	14926.0	18411.0	22085.0	27678.0	36882.0	56603.0	107779.0	323798.0	717071.0
	17.0	18.0	19.0	20.0	21.0	22.0	23.0	24.0	25.0	26.0	27.0	28.0	29.0	30.0	31.0	32.0	33.0	34.0	35.0	36.0	37.0	38.0
SRR10141096_1	2.0	12.0	39.0	154.0	378.0	902.0	1355.0	1914.0	2683.0	3993.0	5879.0	7924.0	10560.0	12922.0	16394.0	21392.0	28753.0	36964.0	50969.0	85507.0	228486.0	1097261.0
	12.0	13.0	14.0	15.0	16.0	17.0	18.0	19.0	20.0	21.0	22.0	23.0	24.0	25.0	26.0	27.0	28.0	29.0	30.0	31.0	32.0	33.0	34.0	35.0	36.0	37.0	38.0
SRR10141096_2	1.0	13.0	64.0	160.0	508.0	1400.0	2326.0	3688.0	4376.0	3898.0	3710.0	4517.0	5651.0	7266.0	8947.0	11034.0	13653.0	17336.0	20361.0	25479.0	30900.0	37702.0	50457.0	72306.0	122477.0	345153.0	821060.0
	15.0	16.0	17.0	18.0	19.0	20.0	21.0	22.0	23.0	24.0	25.0	26.0	27.0	28.0	29.0	30.0	31.0	32.0	33.0	34.0	35.0
SRR10141097_1	1.0	4.0	181.0	458.0	517.0	1322.0	2585.0	4540.0	6048.0	8639.0	11399.0	13981.0	16806.0	20248.0	26189.0	36231.0	56175.0	98509.0	213571.0	594823.0	280399.0
	2.0	3.0	4.0	5.0	6.0	7.0	8.0	9.0	10.0	11.0	12.0	13.0	14.0	15.0	16.0	17.0	18.0	19.0	20.0	21.0	22.0	23.0	24.0	25.0	26.0	27.0	28.0	29.0	30.0	31.0	32.0	33.0	34.0	35.0
SRR10141097_2	400.0	67.0	42.0	34.0	37.0	33.0	29.0	36.0	39.0	32.0	28.0	18.0	1594.0	4904.0	5004.0	5149.0	5494.0	5700.0	6236.0	6789.0	7661.0	9388.0	11700.0	14298.0	17048.0	19278.0	22834.0	26797.0	33710.0	45467.0	69249.0	129346.0	348403.0	595782.0
	17.0	18.0	19.0	20.0	21.0	22.0	23.0	24.0	25.0	26.0	27.0	28.0	29.0	30.0	31.0	32.0	33.0	34.0	35.0	36.0	37.0	38.0
SRR10141098_1	1.0	4.0	0.0	16.0	31.0	79.0	169.0	344.0	514.0	775.0	1218.0	1640.0	2108.0	2557.0	3143.0	4065.0	5261.0	7296.0	10621.0	17738.0	54452.0	413404.0
	7.0	8.0	9.0	10.0	11.0	12.0	13.0	14.0	15.0	16.0	17.0	18.0	19.0	20.0	21.0	22.0	23.0	24.0	25.0	26.0	27.0	28.0	29.0	30.0	31.0	32.0	33.0	34.0	35.0	36.0	37.0	38.0
SRR10141098_2	4.0	11.0	14.0	31.0	69.0	89.0	97.0	143.0	283.0	621.0	1239.0	1744.0	2047.0	1938.0	1655.0	1508.0	1564.0	1806.0	2124.0	2576.0	2981.0	3414.0	4028.0	4489.0	5513.0	6654.0	8470.0	11365.0	16318.0	26535.0	73536.0	342570.0
	17.0	18.0	19.0	20.0	21.0	22.0	23.0	24.0	25.0	26.0	27.0	28.0	29.0	30.0	31.0	32.0	33.0	34.0	35.0	36.0	37.0	38.0
SRR10141099_1	2.0	3.0	4.0	13.0	32.0	95.0	187.0	342.0	568.0	832.0	1282.0	1598.0	2268.0	2816.0	3537.0	4450.0	5796.0	7855.0	11501.0	19697.0	59558.0	442283.0
	6.0	7.0	8.0	9.0	10.0	11.0	12.0	13.0	14.0	15.0	16.0	17.0	18.0	19.0	20.0	21.0	22.0	23.0	24.0	25.0	26.0	27.0	28.0	29.0	30.0	31.0	32.0	33.0	34.0	35.0	36.0	37.0	38.0
SRR10141099_2	1.0	5.0	9.0	16.0	32.0	64.0	86.0	85.0	163.0	281.0	712.0	1495.0	2815.0	4198.0	4508.0	3240.0	2546.0	2469.0	2659.0	2866.0	3410.0	3752.0	4194.0	4975.0	5634.0	6707.0	7930.0	10125.0	13436.0	19212.0	30612.0	83858.0	342624.0
	17.0	18.0	19.0	20.0	21.0	22.0	23.0	24.0	25.0	26.0	27.0	28.0	29.0	30.0	31.0	32.0	33.0	34.0	35.0	36.0	37.0	38.0
SRR10141100_1	1.0	0.0	2.0	7.0	33.0	73.0	161.0	316.0	537.0	734.0	1285.0	1549.0	2153.0	2589.0	3378.0	4096.0	5447.0	7561.0	10841.0	18280.0	55267.0	415740.0
	7.0	8.0	9.0	10.0	11.0	12.0	13.0	14.0	15.0	16.0	17.0	18.0	19.0	20.0	21.0	22.0	23.0	24.0	25.0	26.0	27.0	28.0	29.0	30.0	31.0	32.0	33.0	34.0	35.0	36.0	37.0	38.0
SRR10141100_2	6.0	10.0	19.0	55.0	76.0	84.0	120.0	174.0	338.0	780.0	1560.0	2419.0	2936.0	2844.0	2295.0	2230.0	2467.0	2646.0	3041.0	3489.0	3949.0	4414.0	5096.0	6035.0	6790.0	8110.0	10285.0	13423.0	19167.0	30170.0	82873.0	312149.0
	15.0	16.0	17.0	18.0	19.0	20.0	21.0	22.0	23.0	24.0	25.0	26.0	27.0	28.0	29.0	30.0	31.0	32.0	33.0	34.0	35.0	36.0	37.0	38.0
SRR10141101_1	1.0	0.0	2.0	0.0	3.0	26.0	62.0	150.0	334.0	565.0	907.0	1413.0	2497.0	3409.0	4091.0	4828.0	6271.0	8148.0	10769.0	14460.0	20834.0	34871.0	99531.0	540204.0
	12.0	13.0	14.0	15.0	16.0	17.0	18.0	19.0	20.0	21.0	22.0	23.0	24.0	25.0	26.0	27.0	28.0	29.0	30.0	31.0	32.0	33.0	34.0	35.0	36.0	37.0	38.0
SRR10141101_2	1.0	0.0	19.0	144.0	827.0	1631.0	2200.0	2795.0	2533.0	2016.0	1841.0	2069.0	2537.0	3103.0	3699.0	4478.0	5505.0	6772.0	7877.0	9495.0	11553.0	14677.0	19775.0	28237.0	48287.0	139157.0	432148.0
	15.0	16.0	17.0	18.0	19.0	20.0	21.0	22.0	23.0	24.0	25.0	26.0	27.0	28.0	29.0	30.0	31.0	32.0	33.0	34.0	35.0	36.0	37.0	38.0
SRR10141102_1	1.0	0.0	0.0	3.0	11.0	12.0	55.0	146.0	285.0	526.0	807.0	1278.0	2095.0	2852.0	3840.0	4788.0	6091.0	8056.0	10712.0	14506.0	21000.0	35233.0	98199.0	540384.0
	13.0	14.0	15.0	16.0	17.0	18.0	19.0	20.0	21.0	22.0	23.0	24.0	25.0	26.0	27.0	28.0	29.0	30.0	31.0	32.0	33.0	34.0	35.0	36.0	37.0	38.0
SRR10141102_2	2.0	5.0	72.0	354.0	749.0	1119.0	1420.0	1486.0	1315.0	1306.0	1645.0	2032.0	2529.0	3077.0	4041.0	4805.0	6126.0	7212.0	8933.0	10768.0	13883.0	18930.0	27128.0	46915.0	135814.0	449214.0
	14.0	15.0	16.0	17.0	18.0	19.0	20.0	21.0	22.0	23.0	24.0	25.0	26.0	27.0	28.0	29.0	30.0	31.0	32.0	33.0	34.0	35.0	36.0	37.0	38.0
SRR10141103_1	2.0	9.0	8.0	9.0	2.0	4.0	11.0	31.0	80.0	205.0	414.0	736.0	1161.0	1927.0	2588.0	3611.0	4489.0	5986.0	7520.0	10106.0	13484.0	19532.0	32656.0	91999.0	491672.0
	13.0	14.0	15.0	16.0	17.0	18.0	19.0	20.0	21.0	22.0	23.0	24.0	25.0	26.0	27.0	28.0	29.0	30.0	31.0	32.0	33.0	34.0	35.0	36.0	37.0	38.0
SRR10141103_2	5.0	9.0	89.0	413.0	829.0	1240.0	1819.0	1795.0	1541.0	1511.0	1863.0	2120.0	2692.0	3277.0	4058.0	4944.0	6030.0	7147.0	8399.0	10362.0	13137.0	17946.0	25699.0	43499.0	125468.0	402350.0
	16.0	17.0	18.0	19.0	20.0	21.0	22.0	23.0	24.0	25.0	26.0	27.0	28.0	29.0	30.0	31.0	32.0	33.0	34.0	35.0
SRR10141104_1	5.0	18.0	94.0	542.0	2041.0	4376.0	7190.0	8892.0	12695.0	17792.0	23321.0	30610.0	39043.0	51368.0	69333.0	99375.0	154903.0	270649.0	507928.0	167234.0
	8.0	9.0	10.0	11.0	12.0	13.0	14.0	15.0	16.0	17.0	18.0	19.0	20.0	21.0	22.0	23.0	24.0	25.0	26.0	27.0	28.0	29.0	30.0	31.0	32.0	33.0	34.0	35.0
SRR10141104_2	1.0	1.0	6.0	7.0	8.0	9.0	1211.0	4266.0	4636.0	5179.0	5859.0	6858.0	8286.0	10199.0	12262.0	14722.0	18241.0	23887.0	28932.0	32686.0	39536.0	48848.0	62662.0	83826.0	122921.0	202829.0	400736.0	328795.0
	16.0	17.0	18.0	19.0	20.0	21.0	22.0	23.0	24.0	25.0	26.0	27.0	28.0	29.0	30.0	31.0	32.0	33.0	34.0	35.0
SRR10141105_1	3.0	49.0	157.0	268.0	768.0	2323.0	4858.0	9010.0	16347.0	26925.0	40483.0	56745.0	76397.0	100133.0	134634.0	189045.0	295554.0	548678.0	1151697.0	397116.0
	6.0	7.0	8.0	9.0	10.0	11.0	12.0	13.0	14.0	15.0	16.0	17.0	18.0	19.0	20.0	21.0	22.0	23.0	24.0	25.0	26.0	27.0	28.0	29.0	30.0	31.0	32.0	33.0	34.0	35.0
SRR10141105_2	1.0	1.0	2.0	8.0	6.0	11.0	18.0	15.0	1711.0	7460.0	9630.0	10894.0	11599.0	11878.0	12370.0	13499.0	15494.0	19367.0	25659.0	34109.0	44306.0	54925.0	69041.0	85943.0	111528.0	149741.0	221121.0	383983.0	885967.0	870903.0
	13.0	14.0	15.0	16.0	17.0	18.0	19.0	20.0	21.0	22.0	23.0	24.0	25.0	26.0	27.0	28.0	29.0	30.0	31.0	32.0	33.0	34.0	35.0	36.0	37.0	38.0
SRR10141106_1	1.0	3.0	5.0	11.0	9.0	1.0	5.0	9.0	23.0	82.0	165.0	333.0	576.0	953.0	1548.0	2170.0	2999.0	3780.0	4808.0	6230.0	8221.0	11357.0	16040.0	26682.0	75835.0	419019.0
	13.0	14.0	15.0	16.0	17.0	18.0	19.0	20.0	21.0	22.0	23.0	24.0	25.0	26.0	27.0	28.0	29.0	30.0	31.0	32.0	33.0	34.0	35.0	36.0	37.0	38.0
SRR10141106_2	3.0	11.0	60.0	266.0	652.0	1010.0	1418.0	1498.0	1343.0	1249.0	1485.0	1847.0	2193.0	2820.0	3438.0	4076.0	5169.0	5963.0	7101.0	8509.0	11078.0	14469.0	20988.0	35598.0	101105.0	347516.0
	16.0	17.0	18.0	19.0	20.0	21.0	22.0	23.0	24.0	25.0	26.0	27.0	28.0	29.0	30.0	31.0	32.0	33.0	34.0	35.0
SRR10141107_1	4.0	5.0	36.0	147.0	368.0	712.0	1560.0	3777.0	7636.0	13786.0	21652.0	31190.0	43545.0	56626.0	76344.0	109514.0	170407.0	306548.0	514787.0	134579.0
	11.0	12.0	13.0	14.0	15.0	16.0	17.0	18.0	19.0	20.0	21.0	22.0	23.0	24.0	25.0	26.0	27.0	28.0	29.0	30.0	31.0	32.0	33.0	34.0	35.0
SRR10141107_2	1.0	2.0	4.0	526.0	3793.0	5085.0	4176.0	3534.0	3380.0	3641.0	4782.0	6699.0	10371.0	15592.0	23077.0	31258.0	40223.0	53082.0	68050.0	91641.0	129698.0	198973.0	324900.0	401190.0	69545.0
	15.0	16.0	17.0	18.0	19.0	20.0	21.0	22.0	23.0	24.0	25.0	26.0	27.0	28.0	29.0	30.0	31.0	32.0	33.0	34.0	35.0
SRR10141108_1	1.0	3.0	9.0	35.0	161.0	330.0	542.0	1072.0	2173.0	3879.0	5869.0	8204.0	11680.0	15545.0	19705.0	27844.0	44202.0	84999.0	221509.0	582219.0	166283.0
	5.0	6.0	7.0	8.0	9.0	10.0	11.0	12.0	13.0	14.0	15.0	16.0	17.0	18.0	19.0	20.0	21.0	22.0	23.0	24.0	25.0	26.0	27.0	28.0	29.0	30.0	31.0	32.0	33.0	34.0	35.0
SRR10141108_2	1.0	4.0	8.0	5.0	6.0	10.0	7.0	7.0	7.0	1079.0	3000.0	3074.0	3193.0	3388.0	3569.0	3499.0	3594.0	3830.0	4568.0	5908.0	7621.0	9584.0	11613.0	14518.0	18101.0	22898.0	30912.0	49251.0	97889.0	315690.0	579430.0
	15.0	16.0	17.0	18.0	19.0	20.0	21.0	22.0	23.0	24.0	25.0	26.0	27.0	28.0	29.0	30.0	31.0	32.0	33.0	34.0	35.0
SRR10141109_1	1.0	1.0	2.0	21.0	137.0	307.0	493.0	985.0	1947.0	3368.0	4928.0	7347.0	10241.0	13105.0	16921.0	24355.0	38903.0	75877.0	199068.0	511146.0	143834.0
	6.0	7.0	8.0	9.0	10.0	11.0	12.0	13.0	14.0	15.0	16.0	17.0	18.0	19.0	20.0	21.0	22.0	23.0	24.0	25.0	26.0	27.0	28.0	29.0	30.0	31.0	32.0	33.0	34.0	35.0
SRR10141109_2	3.0	5.0	10.0	6.0	7.0	3.0	7.0	4.0	888.0	2585.0	2509.0	2633.0	3001.0	2989.0	3159.0	3184.0	3442.0	4024.0	4969.0	6599.0	8267.0	10073.0	12756.0	15669.0	20164.0	27636.0	43967.0	87730.0	281475.0	505223.0
	13.0	14.0	15.0	16.0	17.0	18.0	19.0	20.0	21.0	22.0	23.0	24.0	25.0	26.0	27.0	28.0	29.0	30.0	31.0	32.0	33.0	34.0	35.0	36.0	37.0	38.0	39.0
SRR10141110_1	1.0	2.0	2.0	4.0	5.0	10.0	13.0	10.0	15.0	66.0	144.0	303.0	546.0	981.0	1399.0	2108.0	3180.0	4558.0	4652.0	5498.0	7022.0	9107.0	12146.0	17297.0	29163.0	74715.0	392018.0
	14.0	15.0	16.0	17.0	18.0	19.0	20.0	21.0	22.0	23.0	24.0	25.0	26.0	27.0	28.0	29.0	30.0	31.0	32.0	33.0	34.0	35.0	36.0	37.0	38.0	39.0
SRR10141110_2	4.0	43.0	165.0	278.0	270.0	313.0	362.0	465.0	608.0	863.0	1322.0	1660.0	2383.0	3228.0	3505.0	3909.0	4670.0	5973.0	7461.0	9590.0	12359.0	16725.0	24416.0	42913.0	123791.0	297689.0
	13.0	14.0	15.0	16.0	17.0	18.0	19.0	20.0	21.0	22.0	23.0	24.0	25.0	26.0	27.0	28.0	29.0	30.0	31.0	32.0	33.0	34.0	35.0	36.0	37.0	38.0
SRR10141111_1	1.0	0.0	1.0	7.0	4.0	9.0	12.0	19.0	49.0	80.0	219.0	397.0	653.0	1016.0	1809.0	2306.0	2850.0	3307.0	4258.0	5487.0	7326.0	10299.0	15009.0	25727.0	76711.0	436316.0
	9.0	10.0	11.0	12.0	13.0	14.0	15.0	16.0	17.0	18.0	19.0	20.0	21.0	22.0	23.0	24.0	25.0	26.0	27.0	28.0	29.0	30.0	31.0	32.0	33.0	34.0	35.0	36.0	37.0	38.0
SRR10141111_2	5.0	2.0	2.0	5.0	6.0	29.0	136.0	560.0	1398.0	1921.0	1947.0	1744.0	1600.0	1599.0	1959.0	2289.0	2783.0	3276.0	3822.0	4479.0	5514.0	6407.0	7677.0	9461.0	12145.0	15845.0	22249.0	36347.0	103397.0	345268.0
	17.0	18.0	19.0	20.0	21.0	22.0	23.0	24.0	25.0	26.0	27.0	28.0	29.0	30.0	31.0	32.0	33.0	34.0	35.0	36.0	37.0	38.0
SRR10141112_1	4.0	7.0	10.0	59.0	148.0	381.0	569.0	834.0	1244.0	2658.0	7007.0	7120.0	5466.0	4804.0	5234.0	6951.0	8971.0	8272.0	10100.0	16644.0	55990.0	343443.0
	13.0	14.0	15.0	16.0	17.0	18.0	19.0	20.0	21.0	22.0	23.0	24.0	25.0	26.0	27.0	28.0	29.0	30.0	31.0	32.0	33.0	34.0	35.0	36.0	37.0	38.0
SRR10141112_2	11.0	42.0	173.0	812.0	3830.0	5657.0	4198.0	3194.0	2202.0	1654.0	1470.0	1902.0	2357.0	3015.0	3464.0	4146.0	4969.0	5943.0	7409.0	7952.0	7373.0	9357.0	13457.0	23631.0	76090.0	291608.0
	14.0	15.0	16.0	17.0	18.0	19.0	20.0	21.0	22.0	23.0	24.0	25.0	26.0	27.0	28.0	29.0	30.0	31.0	32.0	33.0	34.0	35.0	36.0	37.0	38.0
SRR10141113_1	2.0	0.0	0.0	7.0	2.0	5.0	18.0	79.0	270.0	550.0	595.0	481.0	768.0	1594.0	1410.0	1432.0	1572.0	1778.0	2975.0	5331.0	3256.0	3247.0	5231.0	21103.0	228352.0
	12.0	13.0	14.0	15.0	16.0	17.0	18.0	19.0	20.0	21.0	22.0	23.0	24.0	25.0	26.0	27.0	28.0	29.0	30.0	31.0	32.0	33.0	34.0	35.0	36.0	37.0	38.0
SRR10141113_2	1.0	2.0	9.0	27.0	108.0	446.0	1124.0	1169.0	1247.0	1361.0	763.0	441.0	437.0	573.0	837.0	1107.0	1249.0	1672.0	2065.0	3666.0	4355.0	2500.0	2967.0	3939.0	7780.0	29039.0	211174.0
	18.0	19.0	20.0	21.0	22.0	23.0	24.0	25.0	26.0	27.0	28.0	29.0	30.0	31.0	32.0	33.0	34.0	35.0	36.0	37.0	38.0
SRR10141114_1	2.0	0.0	1.0	7.0	30.0	76.0	140.0	218.0	405.0	930.0	960.0	974.0	1094.0	1538.0	3540.0	2649.0	2110.0	2652.0	4630.0	18370.0	183138.0
	13.0	14.0	15.0	16.0	17.0	18.0	19.0	20.0	21.0	22.0	23.0	24.0	25.0	26.0	27.0	28.0	29.0	30.0	31.0	32.0	33.0	34.0	35.0	36.0	37.0	38.0
SRR10141114_2	1.0	9.0	39.0	109.0	319.0	712.0	636.0	425.0	287.0	259.0	288.0	310.0	416.0	626.0	892.0	997.0	1213.0	2641.0	3493.0	1996.0	2140.0	2757.0	3873.0	6827.0	25990.0	166209.0
	18.0	19.0	20.0	21.0	22.0	23.0	24.0	25.0	26.0	27.0	28.0	29.0	30.0	31.0	32.0	33.0	34.0	35.0	36.0	37.0	38.0
SRR10141115_1	1.0	2.0	10.0	27.0	60.0	155.0	217.0	331.0	485.0	801.0	1002.0	1295.0	1584.0	2107.0	2609.0	3441.0	4752.0	6699.0	11309.0	35056.0	275365.0
	13.0	14.0	15.0	16.0	17.0	18.0	19.0	20.0	21.0	22.0	23.0	24.0	25.0	26.0	27.0	28.0	29.0	30.0	31.0	32.0	33.0	34.0	35.0	36.0	37.0	38.0
SRR10141115_2	1.0	9.0	45.0	218.0	515.0	625.0	874.0	960.0	793.0	722.0	812.0	897.0	1059.0	1307.0	1565.0	1862.0	2185.0	2557.0	2908.0	3449.0	4406.0	6006.0	9001.0	16395.0	49544.0	238593.0
	16.0	17.0	18.0	19.0	20.0	21.0	22.0	23.0	24.0	25.0	26.0	27.0	28.0	29.0	30.0	31.0	32.0	33.0	34.0	35.0
SRR10141116_1	2.0	8.0	80.0	394.0	1322.0	2927.0	5763.0	9643.0	15740.0	23663.0	34268.0	47546.0	63067.0	84128.0	113832.0	161149.0	239488.0	358227.0	411036.0	74459.0
	12.0	13.0	14.0	15.0	16.0	17.0	18.0	19.0	20.0	21.0	22.0	23.0	24.0	25.0	26.0	27.0	28.0	29.0	30.0	31.0	32.0	33.0	34.0	35.0
SRR10141116_2	1.0	6.0	1036.0	3028.0	3494.0	3807.0	4282.0	4955.0	6149.0	8013.0	10496.0	14993.0	20960.0	28006.0	36032.0	46375.0	58977.0	76329.0	99605.0	135851.0	199155.0	316637.0	449981.0	118574.0
	17.0	18.0	19.0	20.0	21.0	22.0	23.0	24.0	25.0	26.0	27.0	28.0	29.0	30.0	31.0	32.0	33.0	34.0	35.0
SRR10141117_1	10.0	124.0	430.0	1411.0	2935.0	5093.0	8141.0	12921.0	19039.0	27425.0	38431.0	51003.0	67786.0	92443.0	130765.0	192415.0	288877.0	332082.0	59581.0
	12.0	13.0	14.0	15.0	16.0	17.0	18.0	19.0	20.0	21.0	22.0	23.0	24.0	25.0	26.0	27.0	28.0	29.0	30.0	31.0	32.0	33.0	34.0	35.0
SRR10141117_2	2.0	1.0	935.0	2572.0	2900.0	2945.0	3514.0	4060.0	5226.0	6854.0	9279.0	12997.0	18553.0	25426.0	30674.0	37757.0	48202.0	62384.0	81685.0	111748.0	162399.0	253419.0	352749.0	94631.0
	16.0	17.0	18.0	19.0	20.0	21.0	22.0	23.0	24.0	25.0	26.0	27.0	28.0	29.0	30.0	31.0	32.0	33.0	34.0	35.0
SRR10141118_1	2.0	9.0	27.0	155.0	507.0	1051.0	1984.0	4138.0	7969.0	13309.0	20534.0	29955.0	40233.0	53913.0	72671.0	103207.0	155733.0	247348.0	301323.0	50935.0
	13.0	14.0	15.0	16.0	17.0	18.0	19.0	20.0	21.0	22.0	23.0	24.0	25.0	26.0	27.0	28.0	29.0	30.0	31.0	32.0	33.0	34.0	35.0
SRR10141118_2	1.0	299.0	1171.0	1395.0	1469.0	1535.0	1777.0	2430.0	3648.0	5170.0	7886.0	11710.0	16763.0	22740.0	30322.0	39273.0	50828.0	66707.0	91833.0	135044.0	214519.0	314290.0	84193.0
	2.0	3.0	4.0	5.0	6.0	7.0	8.0	9.0	10.0	11.0	12.0	13.0	14.0	15.0	16.0	17.0	18.0	19.0	20.0	21.0	22.0	23.0	24.0	25.0	26.0	27.0	28.0	29.0	30.0	31.0	32.0	33.0	34.0	35.0	36.0	37.0	38.0
SRR10141119_1	224.0	0.0	0.0	0.0	0.0	0.0	0.0	0.0	0.0	0.0	0.0	0.0	0.0	0.0	0.0	0.0	2.0	9.0	22.0	58.0	153.0	377.0	743.0	1288.0	2241.0	4994.0	6128.0	6492.0	7710.0	9348.0	11986.0	15488.0	20855.0	30185.0	50480.0	143699.0	1003490.0
	2.0	3.0	4.0	5.0	6.0	7.0	8.0	9.0	10.0	11.0	12.0	13.0	14.0	15.0	16.0	17.0	18.0	19.0	20.0	21.0	22.0	23.0	24.0	25.0	26.0	27.0	28.0	29.0	30.0	31.0	32.0	33.0	34.0	35.0	36.0	37.0	38.0
SRR10141119_2	381.0	9.0	9.0	15.0	6.0	17.0	13.0	48.0	22.0	19.0	6.0	14.0	30.0	234.0	1480.0	3803.0	3831.0	3489.0	2905.0	2444.0	2420.0	2926.0	3453.0	4371.0	5149.0	6429.0	7810.0	9604.0	11280.0	13376.0	16282.0	20625.0	27658.0	40141.0	67396.0	190570.0	867707.0

