	151
SRR10141021_1	1813581.0
	151
SRR10141021_2	1813581.0
	151
SRR10141022_1	1357041.0
	151
SRR10141022_2	1357041.0
	151
SRR10141023_1	1507004.0
	151
SRR10141023_2	1507004.0
	151
SRR10141024_1	1384790.0
	151
SRR10141024_2	1384790.0
	151
SRR10141025_1	1522061.0
	151
SRR10141025_2	1522061.0
	151
SRR10141026_1	1913809.0
	151
SRR10141026_2	1913809.0
	151
SRR10141027_1	2063679.0
	151
SRR10141027_2	2063679.0
	151
SRR10141028_1	1342619.0
	151
SRR10141028_2	1342619.0
	151
SRR10141029_1	1893433.0
	151
SRR10141029_2	1893433.0
	151
SRR10141030_1	440808.0
	151
SRR10141030_2	440808.0
	151
SRR10141031_1	1238712.0
	151
SRR10141031_2	1238712.0
	151
SRR10141032_1	1815694.0
	151
SRR10141032_2	1815694.0
	37	42	47	52	57	62	67	72	77	82	87	92	97	102	107	112	117	122	127	132	137	142	147	151
SRR10141033_1	325.0	16.0	33.0	46.0	43.0	80.0	147.0	266.0	427.0	886.0	1801.0	3366.0	5724.0	9658.0	14825.0	20136.0	26056.0	31165.0	34872.0	38012.0	39640.0	40612.0	145455.0	957260.0
	37	42	47	52	57	62	67	72	77	82	87	92	97	102	107	112	117	122	127	132	137	142	147	151
SRR10141033_2	310.0	15.0	33.0	46.0	43.0	80.0	147.0	266.0	427.0	877.0	1792.0	3343.0	5684.0	9576.0	14740.0	19992.0	25820.0	30896.0	34579.0	37682.0	39413.0	40349.0	145842.0	958899.0
	37	42	47	52	57	62	67	72	77	82	87	92	97	102	107	112	117	122	127	132	137	142	147	151
SRR10141034_1	248.0	17.0	18.0	39.0	38.0	65.0	98.0	190.0	347.0	631.0	1341.0	2352.0	4378.0	7213.0	11094.0	15641.0	20143.0	24512.0	28112.0	30481.0	31766.0	33014.0	124990.0	828741.0
	37	42	47	52	57	62	67	72	77	82	87	92	97	102	107	112	117	122	127	132	137	142	147	151
SRR10141034_2	205.0	16.0	18.0	39.0	38.0	65.0	98.0	188.0	347.0	628.0	1333.0	2326.0	4362.0	7166.0	11026.0	15550.0	20003.0	24408.0	27920.0	30273.0	31603.0	32852.0	124460.0	830545.0
	151
SRR10141035_1	1220059.0
	151
SRR10141035_2	1220059.0
	151
SRR10141036_1	2224351.0
	151
SRR10141036_2	2224351.0
	151
SRR10141037_1	2047091.0
	151
SRR10141037_2	2047091.0
	151
SRR10141038_1	2328178.0
	151
SRR10141038_2	2328178.0
	151
SRR10141039_1	1132897.0
	151
SRR10141039_2	1132897.0
	151
SRR10141040_1	1487701.0
	151
SRR10141040_2	1487701.0
	151
SRR10141041_1	722870.0
	151
SRR10141041_2	722870.0
	151
SRR10141042_1	984245.0
	151
SRR10141042_2	984245.0
	126
SRR10141043_1	1693280.0
	126
SRR10141043_2	1693280.0
	126
SRR10141044_1	1324860.0
	126
SRR10141044_2	1324860.0
	126
SRR10141045_1	1542468.0
	126
SRR10141045_2	1542468.0
	151
SRR10141046_1	1350504.0
	151
SRR10141046_2	1350504.0
	151
SRR10141047_1	1794388.0
	151
SRR10141047_2	1794388.0
	126
SRR10141048_1	1342693.0
	126
SRR10141048_2	1342693.0
	151
SRR10141049_1	1308205.0
	151
SRR10141049_2	1308205.0
	151
SRR10141050_1	1502540.0
	151
SRR10141050_2	1502540.0
	151
SRR10141051_1	1082121.0
	151
SRR10141051_2	1082121.0
	151
SRR10141052_1	1186528.0
	151
SRR10141052_2	1186528.0
	151
SRR10141053_1	1618915.0
	151
SRR10141053_2	1618915.0
	151
SRR10141054_1	5668280.0
	151
SRR10141054_2	5668280.0
	150
SRR10141055_1	1436533.0
	150
SRR10141055_2	1436533.0
	150
SRR10141056_1	1275803.0
	150
SRR10141056_2	1275803.0
	151
SRR10141057_1	1692256.0
	151
SRR10141057_2	1692256.0
	151
SRR10141058_1	890176.0
	151
SRR10141058_2	890176.0
	151
SRR10141059_1	882881.0
	151
SRR10141059_2	882881.0
	151
SRR10141060_1	1837299.0
	151
SRR10141060_2	1837299.0
	37	42	47	52	57	62	67	72	77	82	87	92	97	102	107	112	117	122	127	132	137	142	147	151
SRR10141061_1	217.0	38.0	54.0	61.0	92.0	108.0	188.0	341.0	599.0	1184.0	2316.0	4632.0	7690.0	12152.0	17496.0	23270.0	28778.0	32808.0	36557.0	39257.0	41868.0	42410.0	154437.0	1042266.0
	37	42	47	52	57	62	67	72	77	82	87	92	97	102	107	112	117	122	127	132	137	142	147	151
SRR10141061_2	161.0	72.0	87.0	87.0	124.0	150.0	235.0	372.0	626.0	1205.0	2335.0	4641.0	7674.0	12048.0	17359.0	23092.0	28473.0	32549.0	36231.0	38895.0	41443.0	42034.0	154706.0	1044220.0
	37	42	47	52	57	62	67	72	77	82	87	92	97	102	107	112	117	122	127	132	137	142	147	151
SRR10141062_1	625.0	57.0	37.0	66.0	86.0	137.0	257.0	471.0	1028.0	2070.0	4318.0	7793.0	12851.0	19326.0	26235.0	32259.0	37411.0	41060.0	43722.0	44958.0	46518.0	46442.0	145045.0	911411.0
	37	42	47	52	57	62	67	72	77	82	87	92	97	102	107	112	117	122	127	132	137	142	147	151
SRR10141062_2	180.0	80.0	65.0	96.0	114.0	169.0	280.0	491.0	1045.0	2084.0	4322.0	7755.0	12761.0	19173.0	26038.0	32014.0	37125.0	40725.0	43346.0	44483.0	46057.0	46016.0	144205.0	915559.0
	151
SRR10141063_1	1148375.0
	151
SRR10141063_2	1148375.0
	151
SRR10141064_1	1137213.0
	151
SRR10141064_2	1137213.0
	151
SRR10141065_1	1038285.0
	151
SRR10141065_2	1038285.0
	151
SRR10141066_1	1677235.0
	151
SRR10141066_2	1677235.0
	151
SRR10141067_1	911724.0
	151
SRR10141067_2	911724.0
	151
SRR10141068_1	1285762.0
	151
SRR10141068_2	1285762.0
	151
SRR10141069_1	687582.0
	151
SRR10141069_2	687582.0
	151
SRR10141070_1	1292844.0
	151
SRR10141070_2	1292844.0
	151
SRR10141071_1	1781934.0
	151
SRR10141071_2	1781934.0
	151
SRR10141072_1	573319.0
	151
SRR10141072_2	573319.0
	151
SRR10141073_1	1484910.0
	151
SRR10141073_2	1484910.0
	151
SRR10141074_1	1300048.0
	151
SRR10141074_2	1300048.0
	151
SRR10141075_1	856187.0
	151
SRR10141075_2	856187.0
	37	42	47	52	57	62	67	72	77	82	87	92	97	102	107	112	117	122	127	132	137	142	147	151
SRR10141076_1	1185.0	36.0	45.0	54.0	135.0	34.0	54.0	137.0	122.0	328.0	792.0	412.0	636.0	935.0	2478.0	2217.0	3245.0	4809.0	6975.0	28416.0	17544.0	41873.0	100693.0	784447.0
	37	42	47	52	57	62	67	72	77	82	87	92	97	102	107	112	117	122	127	132	137	142	147	151
SRR10141076_2	106.0	33.0	47.0	50.0	147.0	33.0	50.0	130.0	110.0	306.0	732.0	353.0	573.0	808.0	2086.0	1816.0	2723.0	3994.0	6075.0	26377.0	15584.0	38181.0	95593.0	801695.0
	37	42	47	52	57	62	67	72	77	82	87	92	97	102	107	112	117	122	127	132	137	142	147	151
SRR10141077_1	860.0	29.0	50.0	48.0	94.0	21.0	43.0	73.0	82.0	194.0	485.0	327.0	448.0	716.0	1761.0	1809.0	2467.0	3776.0	5474.0	22506.0	14524.0	35198.0	87328.0	700231.0
	37	42	47	52	57	62	67	72	77	82	87	92	97	102	107	112	117	122	127	132	137	142	147	151
SRR10141077_2	135.0	32.0	51.0	45.0	103.0	19.0	41.0	71.0	78.0	173.0	444.0	283.0	408.0	627.0	1506.0	1482.0	2048.0	3167.0	4793.0	20825.0	12883.0	32246.0	81337.0	715747.0
	151
SRR10141078_1	1874111.0
	151
SRR10141078_2	1874111.0
	151
SRR10141079_1	1894348.0
	151
SRR10141079_2	1894348.0
	151
SRR10141080_1	2080809.0
	151
SRR10141080_2	2080809.0
	151
SRR10141081_1	957124.0
	151
SRR10141081_2	957124.0
	151
SRR10141082_1	609941.0
	151
SRR10141082_2	609941.0
	37	42	47	52	57	62	67	72	77	82	87	92	97	102	107	112	117	122	127	132	137	142	147	151
SRR10141083_1	145.0	48.0	45.0	54.0	60.0	93.0	159.0	330.0	596.0	1287.0	2642.0	4956.0	8595.0	13335.0	18069.0	23486.0	27120.0	28609.0	30426.0	29558.0	31501.0	30014.0	103948.0	796116.0
	37	42	47	52	57	62	67	72	77	82	87	92	97	102	107	112	117	122	127	132	137	142	147	151
SRR10141083_2	134.0	57.0	72.0	67.0	73.0	111.0	168.0	334.0	580.0	1223.0	2460.0	4532.0	7735.0	11721.0	15565.0	19895.0	22582.0	23655.0	26512.0	27102.0	26931.0	27040.0	100728.0	831915.0
	151
SRR10141084_1	670487.0
	151
SRR10141084_2	670487.0
	151
SRR10141085_1	3064533.0
	151
SRR10141085_2	3064533.0
	151
SRR10141086_1	937688.0
	151
SRR10141086_2	937688.0
	151
SRR10141087_1	853793.0
	151
SRR10141087_2	853793.0
	151
SRR10141088_1	796806.0
	151
SRR10141088_2	796806.0
	151
SRR10141089_1	705568.0
	151
SRR10141089_2	705568.0
	151
SRR10141090_1	706889.0
	151
SRR10141090_2	706889.0
	151
SRR10141091_1	736930.0
	151
SRR10141091_2	736930.0
	151
SRR10141092_1	634730.0
	151
SRR10141092_2	634730.0
	151
SRR10141093_1	605344.0
	151
SRR10141093_2	605344.0
	151
SRR10141094_1	931856.0
	151
SRR10141094_2	931856.0
	151
SRR10141095_1	1424527.0
	151
SRR10141095_2	1424527.0
	151
SRR10141096_1	1614443.0
	151
SRR10141096_2	1614443.0
	151
SRR10141097_1	1392626.0
	151
SRR10141097_2	1392626.0
	151
SRR10141098_1	525436.0
	151
SRR10141098_2	525436.0
	151
SRR10141099_1	564719.0
	151
SRR10141099_2	564719.0
	151
SRR10141100_1	530050.0
	151
SRR10141100_2	530050.0
	151
SRR10141101_1	753376.0
	151
SRR10141101_2	753376.0
	151
SRR10141102_1	750880.0
	151
SRR10141102_2	750880.0
	151
SRR10141103_1	688242.0
	151
SRR10141103_2	688242.0
	151
SRR10141104_1	1467409.0
	151
SRR10141104_2	1467409.0
	151
SRR10141105_1	3051190.0
	151
SRR10141105_2	3051190.0
	151
SRR10141106_1	580865.0
	151
SRR10141106_2	580865.0
	151
SRR10141107_1	1493223.0
	151
SRR10141107_2	1493223.0
	151
SRR10141108_1	1196264.0
	151
SRR10141108_2	1196264.0
	151
SRR10141109_1	1052987.0
	151
SRR10141109_2	1052987.0
	126
SRR10141110_1	564965.0
	126
SRR10141110_2	564965.0
	151
SRR10141111_1	593872.0
	151
SRR10141111_2	593872.0
	151
SRR10141112_1	485916.0
	151
SRR10141112_2	485916.0
	151
SRR10141113_1	280058.0
	151
SRR10141113_2	280058.0
	151
SRR10141114_1	223464.0
	151
SRR10141114_2	223464.0
	151
SRR10141115_1	347308.0
	151
SRR10141115_2	347308.0
	151
SRR10141116_1	1646742.0
	151
SRR10141116_2	1646742.0
	151
SRR10141117_1	1330912.0
	151
SRR10141117_2	1330912.0
	151
SRR10141118_1	1105003.0
	151
SRR10141118_2	1105003.0
	37	42	47	52	57	62	67	72	77	82	87	92	97	102	107	112	117	122	127	132	137	142	147	151
SRR10141119_1	452.0	289.0	162.0	49.0	67.0	66.0	129.0	149.0	164.0	220.0	454.0	592.0	623.0	1164.0	3126.0	13913.0	4578.0	10330.0	16006.0	56211.0	36170.0	55802.0	154227.0	961029.0
	37	42	47	52	57	62	67	72	77	82	87	92	97	102	107	112	117	122	127	132	137	142	147	151
SRR10141119_2	616.0	282.0	162.0	68.0	91.0	85.0	248.0	167.0	167.0	273.0	462.0	575.0	616.0	1166.0	3158.0	14011.0	4571.0	10357.0	15974.0	56042.0	35890.0	56313.0	155462.0	959216.0

